0.1
0.2
0.3
0.31
0.32
0.33
0.34
0.341
0.342
0.343
0.344
0.345
0.346
0.347
0.348
0.349
0.35
0.351
0.352
0.353
0.354
0.355
0.356
0.357
0.358
0.359
0.36
0.3601
0.3602
0.3603
0.3604
0.3605
0.3606
0.3607
0.3608
0.3609
0.361
0.3611
0.3612
0.3613
0.3614
0.3615
0.3616
0.3617
0.3618
0.3619
0.362
0.3621
0.3622
0.3623
0.3624
0.3625
0.3626
0.3627
0.3628
0.3629
0.363
0.3631
0.3632
0.3633
0.3634
0.3635
0.3636
0.3637
0.3638
0.3639
0.364
0.3641
0.3642
0.3643
0.3644
0.3645
0.3646
0.3647
0.3648
0.3649
0.365
0.3651
0.3652
0.3653
0.3654
0.3655
0.3656
0.3657
0.3658
0.3659
0.366
0.3661
0.3662
0.3663
0.3664
0.3665
0.3666
0.3667
0.3668
0.3669
0.367
0.3671
0.3672
0.3673
0.3674
0.3675
0.3676
0.3677
0.3678
0.3679
0.368
0.3681
0.3682
0.3683
0.3684
0.3685
0.3686
0.3687
0.3688
0.3689
0.369
0.3691
0.3692
0.3693
0.3694
0.3695
0.3696
0.3697
0.3698
0.3699
0.37
0.3701
0.3702
0.3703
0.3704
0.3705
0.3706
0.3707
0.3708
0.37083
0.37086
0.37089
0.37092
0.37095
0.37098
0.37101
0.37104
0.37107
0.3711
0.37113
0.37116
0.37119
0.37122
0.37125
0.37128
0.37131
0.37134
0.37137
0.3714
0.37143
0.37146
0.37149
0.37152
0.37155
0.37158
0.37161
0.37164
0.37167
0.3717
0.37173
0.37176
0.37179
0.37182
0.37185
0.37188
0.37191
0.37194
0.37197
0.372
0.3721
0.3722
0.3723
0.3724
0.3725
0.3726
0.3727
0.3728
0.3729
0.373
0.3731
0.3732
0.3733
0.3734
0.3735
0.3736
0.3737
0.3738
0.3739
0.374
0.3741
0.3742
0.3743
0.3744
0.3745
0.3746
0.3747
0.3748
0.3749
0.375
0.3751
0.3752
0.3753
0.3754
0.3755
0.3756
0.3757
0.3758
0.3759
0.376
0.3761
0.3762
0.3763
0.3764
0.3765
0.3766
0.3767
0.3768
0.3769
0.377
0.3771
0.3772
0.3773
0.3774
0.3775
0.3776
0.3777
0.3778
0.3779
0.378
0.3781
0.3782
0.3783
0.3784
0.3785
0.3786
0.3787
0.3788
0.3789
0.379
0.3791
0.3792
0.3793
0.3794
0.3795
0.3796
0.3797
0.3798
0.3799
0.38
0.381
0.382
0.383
0.384
0.385
0.386
0.387
0.388
0.389
0.39
0.391
0.392
0.393
0.394
0.395
0.396
0.397
0.398
0.399
0.4
0.41
0.42
0.43
0.44
0.45
0.46
0.47
0.48
0.49
0.5
0.6
0.7
0.8
0.9