7 360 6726
0 0 14 1
0 1 15 1
0 2 16 1
0 3 17 1
0 4 18 1
0 5 19 1
0 6 20 1
0 7 21 1
0 8 22 1
0 9 23 1
0 10 24 1
0 11 25 1
0 12 26 1
0 13 27 1
0 14 28 1
0 15 29 1
0 16 30 1
0 17 31 1
0 18 32 1
0 19 33 1
0 20 34 1
0 21 35 1
0 22 36 1
0 23 37 1
0 24 38 1
0 25 39 1
0 26 40 1
0 27 41 1
0 28 42 1
0 29 43 1
0 30 44 1
0 31 45 1
0 32 46 1
0 33 47 1
0 34 48 1
0 35 49 1
0 36 50 1
0 37 51 1
0 38 52 1
0 39 53 1
0 40 54 1
0 41 55 1
0 42 56 1
0 43 57 1
0 44 58 1
0 45 59 1
0 46 60 1
0 47 61 1
0 48 62 1
0 49 63 1
0 50 64 1
0 51 65 1
0 52 66 1
0 53 67 1
0 54 68 1
0 55 69 1
0 56 70 1
0 57 71 1
0 58 72 1
0 59 73 1
0 60 74 1
0 61 75 1
0 62 76 1
0 63 77 1
0 64 78 1
0 65 79 1
0 66 80 1
0 67 81 1
0 68 82 1
0 69 83 1
0 70 84 1
0 71 85 1
0 72 86 1
0 73 87 1
0 74 88 1
0 75 89 1
0 76 90 1
0 77 91 1
0 78 92 1
0 79 93 1
0 80 94 1
0 81 95 1
0 82 96 1
0 83 97 1
0 84 98 1
0 85 99 1
0 86 100 1
0 87 101 1
0 88 102 1
0 89 103 1
0 90 104 1
0 91 105 1
0 92 106 1
0 93 107 1
0 94 108 1
0 95 109 1
0 96 110 1
0 97 111 1
0 98 112 1
0 99 113 1
0 100 114 1
0 101 115 1
0 102 116 1
0 103 117 1
0 104 118 1
0 105 119 1
0 106 120 1
0 107 121 1
0 108 122 1
0 109 123 1
0 110 124 1
0 111 125 1
0 112 126 1
0 113 127 1
0 114 128 1
0 115 129 1
0 116 130 1
0 117 131 1
0 118 132 1
0 119 133 1
0 120 134 1
0 121 135 1
0 122 136 1
0 123 137 1
0 124 138 1
0 125 139 1
0 126 140 1
0 127 141 1
0 128 142 1
0 129 143 1
0 130 144 1
0 131 145 1
0 132 146 1
0 133 147 1
0 134 148 1
0 135 149 1
0 136 150 1
0 137 151 1
0 138 152 1
0 139 153 1
0 140 154 1
0 141 155 1
0 142 156 1
0 143 157 1
0 144 158 1
0 145 159 1
0 146 160 1
0 147 161 1
0 148 162 1
0 149 163 1
0 150 164 1
0 151 165 1
0 152 166 1
0 153 167 1
0 154 168 1
0 155 169 1
0 156 170 1
0 157 171 1
0 158 172 1
0 159 173 1
0 160 174 1
0 161 175 1
0 162 176 1
0 163 177 1
0 164 178 1
0 165 179 1
0 166 180 1
0 167 181 1
0 168 182 1
0 169 183 1
0 170 184 1
0 171 185 1
0 172 186 1
0 173 187 1
0 174 188 1
0 175 189 1
0 176 190 1
0 177 191 1
0 178 192 1
0 179 193 1
0 180 166 1
0 180 194 1
0 181 167 1
0 181 195 1
0 182 168 1
0 182 196 1
0 183 169 1
0 183 197 1
0 184 170 1
0 184 198 1
0 185 171 1
0 185 199 1
0 186 172 1
0 186 200 1
0 187 173 1
0 187 201 1
0 188 174 1
0 188 202 1
0 189 175 1
0 189 203 1
0 190 176 1
0 190 204 1
0 191 177 1
0 191 205 1
0 192 178 1
0 192 206 1
0 193 179 1
0 193 207 1
0 194 180 1
0 194 208 1
0 195 181 1
0 195 209 1
0 196 182 1
0 196 210 1
0 197 183 1
0 197 211 1
0 198 184 1
0 198 212 1
0 199 185 1
0 199 213 1
0 200 186 1
0 200 214 1
0 201 187 1
0 201 215 1
0 202 188 1
0 202 216 1
0 203 189 1
0 203 217 1
0 204 190 1
0 204 218 1
0 205 191 1
0 205 219 1
0 206 192 1
0 206 220 1
0 207 193 1
0 207 221 1
0 208 194 1
0 208 222 1
0 209 195 1
0 209 223 1
0 210 196 1
0 210 224 1
0 211 197 1
0 211 225 1
0 212 198 1
0 212 226 1
0 213 199 1
0 213 227 1
0 214 200 1
0 214 228 1
0 215 201 1
0 215 229 1
0 216 202 1
0 216 230 1
0 217 203 1
0 217 231 1
0 218 204 1
0 218 232 1
0 219 205 1
0 219 233 1
0 220 206 1
0 220 234 1
0 221 207 1
0 221 235 1
0 222 208 1
0 222 236 1
0 223 209 1
0 223 237 1
0 224 210 1
0 224 238 1
0 225 211 1
0 225 239 1
0 226 212 1
0 226 240 1
0 227 213 1
0 227 241 1
0 228 214 1
0 228 242 1
0 229 215 1
0 229 243 1
0 230 216 1
0 230 244 1
0 231 217 1
0 231 245 1
0 232 218 1
0 232 246 1
0 233 219 1
0 233 247 1
0 234 220 1
0 234 248 1
0 235 221 1
0 235 249 1
0 236 222 1
0 236 250 1
0 237 223 1
0 237 251 1
0 238 224 1
0 238 252 1
0 239 225 1
0 239 253 1
0 240 226 1
0 240 254 1
0 241 227 1
0 241 255 1
0 242 228 1
0 242 256 1
0 243 229 1
0 243 257 1
0 244 230 1
0 244 258 1
0 245 231 1
0 245 259 1
0 246 232 1
0 246 260 1
0 247 233 1
0 247 261 1
0 248 234 1
0 248 262 1
0 249 235 1
0 249 263 1
0 250 236 1
0 250 264 1
0 251 237 1
0 251 265 1
0 252 238 1
0 252 266 1
0 253 239 1
0 253 267 1
0 254 240 1
0 254 268 1
0 255 241 1
0 255 269 1
0 256 242 1
0 256 270 1
0 257 243 1
0 257 271 1
0 258 244 1
0 258 272 1
0 259 245 1
0 259 273 1
0 260 246 1
0 260 274 1
0 261 247 1
0 261 275 1
0 262 248 1
0 262 276 1
0 263 249 1
0 263 277 1
0 264 250 1
0 264 278 1
0 265 251 1
0 265 279 1
0 266 252 1
0 266 280 1
0 267 253 1
0 267 281 1
0 268 254 1
0 268 282 1
0 269 255 1
0 269 283 1
0 270 256 1
0 270 284 1
0 271 257 1
0 271 285 1
0 272 258 1
0 272 286 1
0 273 259 1
0 273 287 1
0 274 260 1
0 274 288 1
0 275 261 1
0 275 289 1
0 276 262 1
0 276 290 1
0 277 263 1
0 277 291 1
0 278 264 1
0 278 292 1
0 279 265 1
0 279 293 1
0 280 266 1
0 280 294 1
0 281 267 1
0 281 295 1
0 282 268 1
0 282 296 1
0 283 269 1
0 283 297 1
0 284 270 1
0 284 298 1
0 285 271 1
0 285 299 1
0 286 272 1
0 286 300 1
0 287 273 1
0 287 301 1
0 288 274 1
0 288 302 1
0 289 275 1
0 289 303 1
0 290 276 1
0 290 304 1
0 291 277 1
0 291 305 1
0 292 278 1
0 292 306 1
0 293 279 1
0 293 307 1
0 294 280 1
0 294 308 1
0 295 281 1
0 295 309 1
0 296 282 1
0 296 310 1
0 297 283 1
0 297 311 1
0 298 284 1
0 298 312 1
0 299 285 1
0 299 313 1
0 300 286 1
0 300 314 1
0 301 287 1
0 301 315 1
0 302 288 1
0 302 316 1
0 303 289 1
0 303 317 1
0 304 290 1
0 304 318 1
0 305 291 1
0 305 319 1
0 306 292 1
0 306 320 1
0 307 293 1
0 307 321 1
0 308 294 1
0 308 322 1
0 309 295 1
0 309 323 1
0 310 296 1
0 310 324 1
0 311 297 1
0 311 325 1
0 312 298 1
0 312 326 1
0 313 299 1
0 313 327 1
0 314 300 1
0 314 328 1
0 315 301 1
0 315 329 1
0 316 302 1
0 316 330 1
0 317 303 1
0 317 331 1
0 318 304 1
0 318 332 1
0 319 305 1
0 319 333 1
0 320 306 1
0 320 334 1
0 321 307 1
0 321 335 1
0 322 308 1
0 322 336 1
0 323 309 1
0 323 337 1
0 324 310 1
0 324 338 1
0 325 311 1
0 325 339 1
0 326 312 1
0 326 340 1
0 327 313 1
0 327 341 1
0 328 314 1
0 328 342 1
0 329 315 1
0 329 343 1
0 330 315 7
0 330 316 1
0 330 344 1
0 331 316 7
0 331 317 1
0 331 345 1
0 332 317 7
0 332 318 1
0 332 346 1
0 333 318 7
0 333 319 1
0 333 347 1
0 334 319 7
0 334 320 1
0 334 348 1
0 335 320 7
0 335 321 1
0 335 349 1
0 336 321 7
0 336 322 1
0 336 350 1
0 337 322 7
0 337 323 1
0 337 351 1
0 338 323 7
0 338 324 1
0 338 352 1
0 339 324 7
0 339 325 1
0 339 353 1
0 340 325 7
0 340 326 1
0 340 354 1
0 341 326 7
0 341 327 1
0 341 355 1
0 342 327 7
0 342 328 1
0 342 356 1
0 343 328 7
0 343 329 1
0 343 357 1
0 344 329 7
0 344 330 1
0 344 358 1
0 345 330 7
0 345 331 1
0 345 359 1
0 346 331 7
0 346 332 1
0 346 359 1
0 347 332 7
0 347 333 1
0 347 359 1
0 348 333 7
0 348 334 1
0 348 359 1
0 349 334 7
0 349 335 1
0 349 359 1
0 350 335 7
0 350 336 1
0 350 359 1
0 351 336 7
0 351 337 1
0 351 359 1
0 352 337 127
0 352 338 1
0 353 338 127
0 353 339 1
0 354 339 127
0 354 340 1
0 355 340 127
0 355 341 1
0 356 341 127
0 356 342 1
0 357 342 127
0 357 343 1
0 358 343 127
0 358 344 1
0 359 344 127
0 359 345 1
1 0 15 1
1 1 16 1
1 2 17 1
1 3 18 1
1 4 19 1
1 5 20 1
1 6 21 1
1 7 22 1
1 8 23 1
1 9 24 1
1 10 25 1
1 11 26 1
1 12 27 1
1 13 28 1
1 14 29 1
1 15 30 1
1 16 31 1
1 17 32 1
1 18 33 1
1 19 34 1
1 20 35 1
1 21 36 1
1 22 37 1
1 23 38 1
1 24 39 1
1 25 40 1
1 26 41 1
1 27 42 1
1 28 43 1
1 29 44 1
1 30 16 1
1 30 44 1
1 31 17 1
1 31 45 1
1 32 18 1
1 32 46 1
1 33 19 1
1 33 47 1
1 34 20 1
1 34 48 1
1 35 21 1
1 35 49 1
1 36 22 1
1 36 50 1
1 37 23 1
1 37 51 1
1 38 24 1
1 38 52 1
1 39 25 1
1 39 53 1
1 40 26 1
1 40 54 1
1 41 27 1
1 41 55 1
1 42 28 1
1 42 56 1
1 43 29 1
1 43 57 1
1 44 30 1
1 44 58 1
1 45 31 1
1 45 59 1
1 46 32 1
1 46 60 1
1 47 33 1
1 47 61 1
1 48 34 1
1 48 62 1
1 49 35 1
1 49 63 1
1 50 36 1
1 50 64 1
1 51 37 1
1 51 65 1
1 52 38 1
1 52 66 1
1 53 39 1
1 53 67 1
1 54 40 1
1 54 68 1
1 55 41 1
1 55 69 1
1 56 42 1
1 56 70 1
1 57 43 1
1 57 71 1
1 58 44 1
1 58 72 1
1 59 45 1
1 59 73 1
1 60 46 1
1 60 74 1
1 61 47 1
1 61 75 1
1 62 48 1
1 62 76 1
1 63 49 1
1 63 77 1
1 64 50 1
1 64 78 1
1 65 51 1
1 65 79 1
1 66 52 1
1 66 80 1
1 67 53 1
1 67 81 1
1 68 54 1
1 68 82 1
1 69 55 1
1 69 83 1
1 70 56 1
1 70 84 1
1 71 57 1
1 71 85 1
1 72 58 1
1 72 86 1
1 73 59 1
1 73 87 1
1 74 60 1
1 74 88 1
1 75 61 1
1 75 89 1
1 76 62 1
1 76 90 1
1 77 63 1
1 77 91 1
1 78 64 1
1 78 92 1
1 79 65 1
1 79 93 1
1 80 66 1
1 80 94 1
1 81 67 1
1 81 95 1
1 82 68 1
1 82 96 1
1 83 69 1
1 83 97 1
1 84 70 1
1 84 98 1
1 85 71 1
1 85 99 1
1 86 72 1
1 86 100 1
1 87 73 1
1 87 101 1
1 88 74 1
1 88 102 1
1 89 75 1
1 89 103 1
1 90 76 1
1 90 104 1
1 91 77 1
1 91 105 1
1 92 78 1
1 92 106 1
1 93 79 1
1 93 107 1
1 94 80 1
1 94 108 1
1 95 81 1
1 95 109 1
1 96 82 1
1 96 110 1
1 97 83 1
1 97 111 1
1 98 84 1
1 98 112 1
1 99 85 1
1 99 113 1
1 100 86 1
1 100 114 1
1 101 87 1
1 101 115 1
1 102 88 1
1 102 116 1
1 103 89 1
1 103 117 1
1 104 90 1
1 104 118 1
1 105 91 1
1 105 119 1
1 106 92 1
1 106 120 1
1 107 93 1
1 107 121 1
1 108 94 1
1 108 122 1
1 109 95 1
1 109 123 1
1 110 96 1
1 110 124 1
1 111 97 1
1 111 125 1
1 112 98 1
1 112 126 1
1 113 99 1
1 113 127 1
1 114 100 1
1 114 128 1
1 115 101 1
1 115 129 1
1 116 102 1
1 116 130 1
1 117 103 1
1 117 131 1
1 118 104 1
1 118 132 1
1 119 105 1
1 119 133 1
1 120 106 1
1 120 134 1
1 121 107 1
1 121 135 1
1 122 108 1
1 122 136 1
1 123 109 1
1 123 137 1
1 124 110 1
1 124 138 1
1 125 111 1
1 125 139 1
1 126 112 1
1 126 140 1
1 127 113 1
1 127 141 1
1 128 114 1
1 128 142 1
1 129 115 1
1 129 143 1
1 130 116 1
1 130 144 1
1 131 117 1
1 131 145 1
1 132 118 1
1 132 146 1
1 133 119 1
1 133 147 1
1 134 120 1
1 134 148 1
1 135 121 1
1 135 149 1
1 136 122 1
1 136 150 1
1 137 123 1
1 137 151 1
1 138 124 1
1 138 152 1
1 139 125 1
1 139 153 1
1 140 126 1
1 140 154 1
1 141 127 1
1 141 155 1
1 142 128 1
1 142 156 1
1 143 129 1
1 143 157 1
1 144 130 1
1 144 158 1
1 145 131 1
1 145 159 1
1 146 132 1
1 146 160 1
1 147 133 1
1 147 161 1
1 148 134 1
1 148 162 1
1 149 135 1
1 149 163 1
1 150 136 1
1 150 164 1
1 151 137 1
1 151 165 1
1 152 138 1
1 152 166 1
1 153 139 1
1 153 167 1
1 154 140 1
1 154 168 1
1 155 141 1
1 155 169 1
1 156 142 1
1 156 170 1
1 157 143 1
1 157 171 1
1 158 144 1
1 158 172 1
1 159 145 1
1 159 173 1
1 160 146 1
1 160 174 1
1 161 147 1
1 161 175 1
1 162 148 1
1 162 176 1
1 163 149 1
1 163 177 1
1 164 150 1
1 164 178 1
1 165 151 1
1 165 179 1
1 166 152 1
1 166 180 1
1 167 153 1
1 167 181 1
1 168 154 1
1 168 182 1
1 169 155 1
1 169 183 1
1 170 156 1
1 170 184 1
1 171 157 1
1 171 185 1
1 172 158 1
1 172 186 1
1 173 159 1
1 173 187 1
1 174 160 1
1 174 188 1
1 175 161 1
1 175 189 1
1 176 162 1
1 176 190 1
1 177 163 1
1 177 191 1
1 178 164 1
1 178 192 1
1 179 165 1
1 179 193 1
1 180 166 7
1 180 193 1
1 181 167 7
1 181 194 1
1 182 168 7
1 182 195 1
1 183 169 7
1 183 196 1
1 184 170 7
1 184 197 1
1 185 171 7
1 185 198 1
1 186 172 7
1 186 199 1
1 187 173 7
1 187 200 1
1 188 174 7
1 188 201 1
1 189 175 7
1 189 202 1
1 190 176 7
1 190 203 1
1 191 177 7
1 191 204 1
1 192 178 7
1 192 205 1
1 193 179 7
1 193 206 1
1 194 180 7
1 194 207 1
1 195 181 7
1 195 208 1
1 196 182 7
1 196 209 1
1 197 183 7
1 197 210 1
1 198 184 7
1 198 211 1
1 199 185 7
1 199 212 1
1 200 186 7
1 200 213 1
1 201 187 7
1 201 214 1
1 202 188 7
1 202 215 1
1 203 189 7
1 203 216 1
1 204 190 7
1 204 217 1
1 205 191 7
1 205 218 1
1 206 192 7
1 206 219 1
1 207 193 7
1 207 220 1
1 208 194 7
1 208 221 1
1 209 195 7
1 209 222 1
1 210 196 7
1 210 223 1
1 211 197 7
1 211 224 1
1 212 198 7
1 212 225 1
1 213 199 7
1 213 226 1
1 214 200 7
1 214 227 1
1 215 201 7
1 215 228 1
1 216 202 7
1 216 229 1
1 217 203 7
1 217 230 1
1 218 204 7
1 218 231 1
1 219 205 7
1 219 232 1
1 220 206 7
1 220 233 1
1 221 207 7
1 221 234 1
1 222 208 7
1 222 235 1
1 223 209 7
1 223 236 1
1 224 210 7
1 224 237 1
1 225 211 7
1 225 238 1
1 226 212 7
1 226 239 1
1 227 213 7
1 227 240 1
1 228 214 7
1 228 241 1
1 229 215 7
1 229 242 1
1 230 216 7
1 230 243 1
1 231 217 7
1 231 244 1
1 232 218 7
1 232 245 1
1 233 219 7
1 233 246 1
1 234 220 7
1 234 247 1
1 235 221 7
1 235 248 1
1 236 222 7
1 236 249 1
1 237 223 7
1 237 250 1
1 238 224 7
1 238 251 1
1 239 225 7
1 239 252 1
1 240 226 7
1 240 253 1
1 241 227 7
1 241 254 1
1 242 228 7
1 242 255 1
1 243 229 7
1 243 256 1
1 244 230 7
1 244 257 1
1 245 231 7
1 245 258 1
1 246 232 7
1 246 259 1
1 247 233 7
1 247 260 1
1 248 234 7
1 248 261 1
1 249 235 7
1 249 262 1
1 250 236 7
1 250 263 1
1 251 237 7
1 251 264 1
1 252 238 7
1 252 265 1
1 253 239 7
1 253 266 1
1 254 240 7
1 254 267 1
1 255 241 7
1 255 268 1
1 256 242 7
1 256 269 1
1 257 243 7
1 257 270 1
1 258 244 7
1 258 271 1
1 259 245 7
1 259 272 1
1 260 246 7
1 260 273 1
1 261 247 7
1 261 274 1
1 262 248 7
1 262 275 1
1 263 249 7
1 263 276 1
1 264 250 7
1 264 277 1
1 265 251 7
1 265 278 1
1 266 252 7
1 266 279 1
1 267 253 7
1 267 280 1
1 268 254 7
1 268 281 1
1 269 255 7
1 269 282 1
1 270 256 7
1 270 283 1
1 271 257 7
1 271 284 1
1 272 258 7
1 272 285 1
1 273 259 7
1 273 286 1
1 274 260 7
1 274 287 1
1 275 261 7
1 275 288 1
1 276 262 7
1 276 289 1
1 277 263 7
1 277 290 1
1 278 264 7
1 278 291 1
1 279 265 7
1 279 292 1
1 280 266 7
1 280 293 1
1 281 267 7
1 281 294 1
1 282 268 7
1 282 295 1
1 283 269 7
1 283 296 1
1 284 270 7
1 284 297 1
1 285 271 7
1 285 298 1
1 286 272 7
1 286 299 1
1 287 273 7
1 287 300 1
1 288 274 7
1 288 301 1
1 289 275 7
1 289 302 1
1 290 276 7
1 290 303 1
1 291 277 7
1 291 304 1
1 292 278 7
1 292 305 1
1 293 279 7
1 293 306 1
1 294 280 7
1 294 307 1
1 295 281 7
1 295 308 1
1 296 282 7
1 296 309 1
1 297 283 7
1 297 310 1
1 298 284 7
1 298 311 1
1 299 285 7
1 299 312 1
1 300 286 7
1 300 313 1
1 301 287 7
1 301 314 1
1 302 288 7
1 302 315 1
1 303 289 7
1 303 316 1
1 304 290 7
1 304 317 1
1 305 291 7
1 305 318 1
1 306 292 7
1 306 319 1
1 307 293 7
1 307 320 1
1 308 294 7
1 308 321 1
1 309 295 7
1 309 322 1
1 310 296 7
1 310 323 1
1 311 297 7
1 311 324 1
1 312 298 7
1 312 325 1
1 313 299 7
1 313 326 1
1 314 300 7
1 314 327 1
1 315 301 7
1 315 328 1
1 316 302 7
1 316 329 1
1 317 303 7
1 317 330 1
1 318 304 7
1 318 331 1
1 319 305 7
1 319 332 1
1 320 306 7
1 320 333 1
1 321 307 7
1 321 334 1
1 322 308 7
1 322 335 1
1 323 309 7
1 323 336 1
1 324 310 7
1 324 337 1
1 325 311 7
1 325 338 1
1 326 312 7
1 326 339 1
1 327 313 7
1 327 340 1
1 328 314 7
1 328 341 1
1 329 315 7
1 329 342 1
1 330 315 6
1 330 316 16
1 330 341 1
1 331 316 6
1 331 317 16
1 331 342 1
1 332 317 6
1 332 318 16
1 332 343 1
1 333 318 6
1 333 319 16
1 333 344 1
1 334 319 6
1 334 320 16
1 334 345 1
1 335 320 6
1 335 321 16
1 335 346 1
1 336 321 6
1 336 322 16
1 336 347 1
1 337 322 6
1 337 323 16
1 337 348 1
1 338 323 6
1 338 324 16
1 338 349 1
1 339 324 6
1 339 325 16
1 339 350 1
1 340 325 6
1 340 326 16
1 340 351 1
1 341 326 6
1 341 327 16
1 341 352 1
1 342 327 6
1 342 328 16
1 342 353 1
1 343 328 6
1 343 329 16
1 343 354 1
1 344 329 6
1 344 330 16
1 344 355 1
1 345 330 6
1 345 331 16
1 345 356 1
1 346 331 6
1 346 332 16
1 346 357 1
1 347 332 6
1 347 333 16
1 347 358 1
1 348 333 6
1 348 334 16
1 348 359 1
1 349 334 6
1 349 335 16
1 349 359 1
1 350 335 6
1 350 336 16
1 350 359 1
1 351 336 6
1 351 337 16
1 351 359 1
1 352 337 63
1 352 338 1
1 353 338 63
1 353 339 1
1 354 339 63
1 354 340 1
1 355 340 63
1 355 341 1
1 356 341 63
1 356 342 1
1 357 342 63
1 357 343 1
1 358 343 63
1 358 344 1
1 359 344 63
1 359 345 1
2 0 15 1
2 1 16 1
2 2 17 1
2 3 18 1
2 4 19 1
2 5 20 1
2 6 21 1
2 7 22 1
2 8 0 1
2 8 22 1
2 9 0 1
2 9 23 1
2 10 0 1
2 10 24 1
2 11 0 1
2 11 25 1
2 12 0 1
2 12 26 1
2 13 0 1
2 13 27 1
2 14 0 1
2 14 28 1
2 15 1 1
2 15 29 1
2 16 2 1
2 16 30 1
2 17 3 1
2 17 31 1
2 18 4 1
2 18 32 1
2 19 5 1
2 19 33 1
2 20 6 1
2 20 34 1
2 21 7 1
2 21 35 1
2 22 8 1
2 22 36 1
2 23 9 1
2 23 37 1
2 24 10 1
2 24 38 1
2 25 11 1
2 25 39 1
2 26 12 1
2 26 40 1
2 27 13 1
2 27 41 1
2 28 14 1
2 28 42 1
2 29 15 1
2 29 43 1
2 30 16 1
2 30 17 5
2 30 43 1
2 31 17 1
2 31 18 5
2 31 44 1
2 32 18 1
2 32 19 5
2 32 45 1
2 33 19 1
2 33 20 5
2 33 46 1
2 34 20 1
2 34 21 5
2 34 47 1
2 35 21 1
2 35 22 5
2 35 48 1
2 36 22 1
2 36 23 5
2 36 49 1
2 37 23 1
2 37 24 5
2 37 50 1
2 38 24 1
2 38 25 5
2 38 51 1
2 39 25 1
2 39 26 5
2 39 52 1
2 40 26 1
2 40 27 5
2 40 53 1
2 41 27 1
2 41 28 5
2 41 54 1
2 42 28 1
2 42 29 5
2 42 55 1
2 43 29 1
2 43 30 5
2 43 56 1
2 44 30 1
2 44 31 5
2 44 57 1
2 45 31 1
2 45 32 5
2 45 58 1
2 46 32 1
2 46 33 5
2 46 59 1
2 47 33 1
2 47 34 5
2 47 60 1
2 48 34 1
2 48 35 5
2 48 61 1
2 49 35 1
2 49 36 5
2 49 62 1
2 50 36 1
2 50 37 5
2 50 63 1
2 51 37 1
2 51 38 5
2 51 64 1
2 52 38 1
2 52 39 5
2 52 65 1
2 53 39 1
2 53 40 5
2 53 66 1
2 54 40 1
2 54 41 5
2 54 67 1
2 55 41 1
2 55 42 5
2 55 68 1
2 56 42 1
2 56 43 5
2 56 69 1
2 57 43 1
2 57 44 5
2 57 70 1
2 58 44 1
2 58 45 5
2 58 71 1
2 59 45 1
2 59 46 5
2 59 72 1
2 60 46 1
2 60 47 5
2 60 73 1
2 61 47 1
2 61 48 5
2 61 74 1
2 62 48 1
2 62 49 5
2 62 75 1
2 63 49 1
2 63 50 5
2 63 76 1
2 64 50 1
2 64 51 5
2 64 77 1
2 65 51 1
2 65 52 5
2 65 78 1
2 66 52 1
2 66 53 5
2 66 79 1
2 67 53 1
2 67 54 5
2 67 80 1
2 68 54 1
2 68 55 5
2 68 81 1
2 69 55 1
2 69 56 5
2 69 82 1
2 70 56 1
2 70 57 5
2 70 83 1
2 71 57 1
2 71 58 5
2 71 84 1
2 72 58 1
2 72 59 5
2 72 85 1
2 73 59 1
2 73 60 5
2 73 86 1
2 74 60 1
2 74 61 5
2 74 87 1
2 75 61 1
2 75 62 5
2 75 88 1
2 76 62 1
2 76 63 5
2 76 89 1
2 77 63 1
2 77 64 5
2 77 90 1
2 78 64 1
2 78 65 5
2 78 91 1
2 79 65 1
2 79 66 5
2 79 92 1
2 80 66 1
2 80 67 5
2 80 93 1
2 81 67 1
2 81 68 5
2 81 94 1
2 82 68 1
2 82 69 5
2 82 95 1
2 83 69 1
2 83 70 5
2 83 96 1
2 84 70 1
2 84 71 5
2 84 97 1
2 85 71 1
2 85 72 5
2 85 98 1
2 86 72 1
2 86 73 5
2 86 99 1
2 87 73 1
2 87 74 5
2 87 100 1
2 88 74 1
2 88 75 5
2 88 101 1
2 89 75 1
2 89 76 5
2 89 102 1
2 90 76 1
2 90 77 5
2 90 103 1
2 91 77 1
2 91 78 5
2 91 104 1
2 92 78 1
2 92 79 5
2 92 105 1
2 93 79 1
2 93 80 5
2 93 106 1
2 94 80 1
2 94 81 5
2 94 107 1
2 95 81 1
2 95 82 5
2 95 108 1
2 96 82 1
2 96 83 5
2 96 109 1
2 97 83 1
2 97 84 5
2 97 110 1
2 98 84 1
2 98 85 5
2 98 111 1
2 99 85 1
2 99 86 5
2 99 112 1
2 100 86 1
2 100 87 5
2 100 113 1
2 101 87 1
2 101 88 5
2 101 114 1
2 102 88 1
2 102 89 5
2 102 115 1
2 103 89 1
2 103 90 5
2 103 116 1
2 104 90 1
2 104 91 5
2 104 117 1
2 105 91 1
2 105 92 5
2 105 118 1
2 106 92 1
2 106 93 5
2 106 119 1
2 107 93 1
2 107 94 5
2 107 120 1
2 108 94 1
2 108 95 5
2 108 121 1
2 109 95 1
2 109 96 5
2 109 122 1
2 110 96 1
2 110 97 5
2 110 123 1
2 111 97 1
2 111 98 5
2 111 124 1
2 112 98 1
2 112 99 5
2 112 125 1
2 113 99 1
2 113 100 5
2 113 126 1
2 114 100 1
2 114 101 5
2 114 127 1
2 115 101 1
2 115 102 5
2 115 128 1
2 116 102 1
2 116 103 5
2 116 129 1
2 117 103 1
2 117 104 5
2 117 130 1
2 118 104 1
2 118 105 5
2 118 131 1
2 119 105 1
2 119 106 5
2 119 132 1
2 120 106 1
2 120 107 5
2 120 133 1
2 121 107 1
2 121 108 5
2 121 134 1
2 122 108 1
2 122 109 5
2 122 135 1
2 123 109 1
2 123 110 5
2 123 136 1
2 124 110 1
2 124 111 5
2 124 137 1
2 125 111 1
2 125 112 5
2 125 138 1
2 126 112 1
2 126 113 5
2 126 139 1
2 127 113 1
2 127 114 5
2 127 140 1
2 128 114 1
2 128 115 5
2 128 141 1
2 129 115 1
2 129 116 5
2 129 142 1
2 130 116 1
2 130 117 5
2 130 143 1
2 131 117 1
2 131 118 5
2 131 144 1
2 132 118 1
2 132 119 5
2 132 145 1
2 133 119 1
2 133 120 5
2 133 146 1
2 134 120 1
2 134 121 5
2 134 147 1
2 135 121 1
2 135 122 5
2 135 148 1
2 136 122 1
2 136 123 5
2 136 149 1
2 137 123 1
2 137 124 5
2 137 150 1
2 138 124 1
2 138 125 5
2 138 151 1
2 139 125 1
2 139 126 5
2 139 152 1
2 140 126 1
2 140 127 5
2 140 153 1
2 141 127 1
2 141 128 5
2 141 154 1
2 142 128 1
2 142 129 5
2 142 155 1
2 143 129 1
2 143 130 5
2 143 156 1
2 144 130 1
2 144 131 5
2 144 157 1
2 145 131 1
2 145 132 5
2 145 158 1
2 146 132 1
2 146 133 5
2 146 159 1
2 147 133 1
2 147 134 5
2 147 160 1
2 148 134 1
2 148 135 5
2 148 161 1
2 149 135 1
2 149 136 5
2 149 162 1
2 150 136 1
2 150 137 5
2 150 163 1
2 151 137 1
2 151 138 5
2 151 164 1
2 152 138 1
2 152 139 5
2 152 165 1
2 153 139 1
2 153 140 5
2 153 166 1
2 154 140 1
2 154 141 5
2 154 167 1
2 155 141 1
2 155 142 5
2 155 168 1
2 156 142 1
2 156 143 5
2 156 169 1
2 157 143 1
2 157 144 5
2 157 170 1
2 158 144 1
2 158 145 5
2 158 171 1
2 159 145 1
2 159 146 5
2 159 172 1
2 160 146 1
2 160 147 5
2 160 173 1
2 161 147 1
2 161 148 5
2 161 174 1
2 162 148 1
2 162 149 5
2 162 175 1
2 163 149 1
2 163 150 5
2 163 176 1
2 164 150 1
2 164 151 5
2 164 177 1
2 165 151 1
2 165 152 5
2 165 178 1
2 166 152 1
2 166 153 5
2 166 179 1
2 167 153 1
2 167 154 5
2 167 180 1
2 168 154 1
2 168 155 5
2 168 181 1
2 169 155 1
2 169 156 5
2 169 182 1
2 170 156 1
2 170 157 5
2 170 183 1
2 171 157 1
2 171 158 5
2 171 184 1
2 172 158 1
2 172 159 5
2 172 185 1
2 173 159 1
2 173 160 5
2 173 186 1
2 174 160 1
2 174 161 5
2 174 187 1
2 175 161 1
2 175 162 5
2 175 188 1
2 176 162 1
2 176 163 5
2 176 189 1
2 177 163 1
2 177 164 5
2 177 190 1
2 178 164 1
2 178 165 5
2 178 191 1
2 179 165 1
2 179 166 5
2 179 192 1
2 180 166 6
2 180 167 10
2 180 189 1
2 181 167 6
2 181 168 10
2 181 190 1
2 182 168 6
2 182 169 10
2 182 191 1
2 183 169 6
2 183 170 10
2 183 192 1
2 184 170 6
2 184 171 10
2 184 193 1
2 185 171 6
2 185 172 10
2 185 194 1
2 186 172 6
2 186 173 10
2 186 195 1
2 187 173 6
2 187 174 10
2 187 196 1
2 188 174 6
2 188 175 10
2 188 197 1
2 189 175 6
2 189 176 10
2 189 198 1
2 190 176 6
2 190 177 10
2 190 199 1
2 191 177 6
2 191 178 10
2 191 200 1
2 192 178 6
2 192 179 10
2 192 201 1
2 193 179 6
2 193 180 10
2 193 202 1
2 194 180 6
2 194 181 10
2 194 203 1
2 195 181 6
2 195 182 10
2 195 204 1
2 196 182 6
2 196 183 10
2 196 205 1
2 197 183 6
2 197 184 10
2 197 206 1
2 198 184 6
2 198 185 10
2 198 207 1
2 199 185 6
2 199 186 10
2 199 208 1
2 200 186 6
2 200 187 10
2 200 209 1
2 201 187 6
2 201 188 10
2 201 210 1
2 202 188 6
2 202 189 10
2 202 211 1
2 203 189 6
2 203 190 10
2 203 212 1
2 204 190 6
2 204 191 10
2 204 213 1
2 205 191 6
2 205 192 10
2 205 214 1
2 206 192 6
2 206 193 10
2 206 215 1
2 207 193 6
2 207 194 10
2 207 216 1
2 208 194 6
2 208 195 10
2 208 217 1
2 209 195 6
2 209 196 10
2 209 218 1
2 210 196 6
2 210 197 10
2 210 219 1
2 211 197 6
2 211 198 10
2 211 220 1
2 212 198 6
2 212 199 10
2 212 221 1
2 213 199 6
2 213 200 10
2 213 222 1
2 214 200 6
2 214 201 10
2 214 223 1
2 215 201 6
2 215 202 10
2 215 224 1
2 216 202 6
2 216 203 10
2 216 225 1
2 217 203 6
2 217 204 10
2 217 226 1
2 218 204 6
2 218 205 10
2 218 227 1
2 219 205 6
2 219 206 10
2 219 228 1
2 220 206 6
2 220 207 10
2 220 229 1
2 221 207 6
2 221 208 10
2 221 230 1
2 222 208 6
2 222 209 10
2 222 231 1
2 223 209 6
2 223 210 10
2 223 232 1
2 224 210 6
2 224 211 10
2 224 233 1
2 225 211 6
2 225 212 10
2 225 234 1
2 226 212 6
2 226 213 10
2 226 235 1
2 227 213 6
2 227 214 10
2 227 236 1
2 228 214 6
2 228 215 10
2 228 237 1
2 229 215 6
2 229 216 10
2 229 238 1
2 230 216 6
2 230 217 10
2 230 239 1
2 231 217 6
2 231 218 10
2 231 240 1
2 232 218 6
2 232 219 10
2 232 241 1
2 233 219 6
2 233 220 10
2 233 242 1
2 234 220 6
2 234 221 10
2 234 243 1
2 235 221 6
2 235 222 10
2 235 244 1
2 236 222 6
2 236 223 10
2 236 245 1
2 237 223 6
2 237 224 10
2 237 246 1
2 238 224 6
2 238 225 10
2 238 247 1
2 239 225 6
2 239 226 10
2 239 248 1
2 240 226 6
2 240 227 10
2 240 249 1
2 241 227 6
2 241 228 10
2 241 250 1
2 242 228 6
2 242 229 10
2 242 251 1
2 243 229 6
2 243 230 10
2 243 252 1
2 244 230 6
2 244 231 10
2 244 253 1
2 245 231 6
2 245 232 10
2 245 254 1
2 246 232 6
2 246 233 10
2 246 255 1
2 247 233 6
2 247 234 10
2 247 256 1
2 248 234 6
2 248 235 10
2 248 257 1
2 249 235 6
2 249 236 10
2 249 258 1
2 250 236 6
2 250 237 10
2 250 259 1
2 251 237 6
2 251 238 10
2 251 260 1
2 252 238 6
2 252 239 10
2 252 261 1
2 253 239 6
2 253 240 10
2 253 262 1
2 254 240 6
2 254 241 10
2 254 263 1
2 255 241 6
2 255 242 10
2 255 264 1
2 256 242 6
2 256 243 10
2 256 265 1
2 257 243 6
2 257 244 10
2 257 266 1
2 258 244 6
2 258 245 10
2 258 267 1
2 259 245 6
2 259 246 10
2 259 268 1
2 260 246 6
2 260 247 10
2 260 269 1
2 261 247 6
2 261 248 10
2 261 270 1
2 262 248 6
2 262 249 10
2 262 271 1
2 263 249 6
2 263 250 10
2 263 272 1
2 264 250 6
2 264 251 10
2 264 273 1
2 265 251 6
2 265 252 10
2 265 274 1
2 266 252 6
2 266 253 10
2 266 275 1
2 267 253 6
2 267 254 10
2 267 276 1
2 268 254 6
2 268 255 10
2 268 277 1
2 269 255 6
2 269 256 10
2 269 278 1
2 270 256 6
2 270 257 10
2 270 279 1
2 271 257 6
2 271 258 10
2 271 280 1
2 272 258 6
2 272 259 10
2 272 281 1
2 273 259 6
2 273 260 10
2 273 282 1
2 274 260 6
2 274 261 10
2 274 283 1
2 275 261 6
2 275 262 10
2 275 284 1
2 276 262 6
2 276 263 10
2 276 285 1
2 277 263 6
2 277 264 10
2 277 286 1
2 278 264 6
2 278 265 10
2 278 287 1
2 279 265 6
2 279 266 10
2 279 288 1
2 280 266 6
2 280 267 10
2 280 289 1
2 281 267 6
2 281 268 10
2 281 290 1
2 282 268 6
2 282 269 10
2 282 291 1
2 283 269 6
2 283 270 10
2 283 292 1
2 284 270 6
2 284 271 10
2 284 293 1
2 285 271 6
2 285 272 10
2 285 294 1
2 286 272 6
2 286 273 10
2 286 295 1
2 287 273 6
2 287 274 10
2 287 296 1
2 288 274 6
2 288 275 10
2 288 297 1
2 289 275 6
2 289 276 10
2 289 298 1
2 290 276 6
2 290 277 10
2 290 299 1
2 291 277 6
2 291 278 10
2 291 300 1
2 292 278 6
2 292 279 10
2 292 301 1
2 293 279 6
2 293 280 10
2 293 302 1
2 294 280 6
2 294 281 10
2 294 303 1
2 295 281 6
2 295 282 10
2 295 304 1
2 296 282 6
2 296 283 10
2 296 305 1
2 297 283 6
2 297 284 10
2 297 306 1
2 298 284 6
2 298 285 10
2 298 307 1
2 299 285 6
2 299 286 10
2 299 308 1
2 300 286 6
2 300 287 10
2 300 309 1
2 301 287 6
2 301 288 10
2 301 310 1
2 302 288 6
2 302 289 10
2 302 311 1
2 303 289 6
2 303 290 10
2 303 312 1
2 304 290 6
2 304 291 10
2 304 313 1
2 305 291 6
2 305 292 10
2 305 314 1
2 306 292 6
2 306 293 10
2 306 315 1
2 307 293 6
2 307 294 10
2 307 316 1
2 308 294 6
2 308 295 10
2 308 317 1
2 309 295 6
2 309 296 10
2 309 318 1
2 310 296 6
2 310 297 10
2 310 319 1
2 311 297 6
2 311 298 10
2 311 320 1
2 312 298 6
2 312 299 10
2 312 321 1
2 313 299 6
2 313 300 10
2 313 322 1
2 314 300 6
2 314 301 10
2 314 323 1
2 315 301 6
2 315 302 10
2 315 324 1
2 316 302 6
2 316 303 10
2 316 325 1
2 317 303 6
2 317 304 10
2 317 326 1
2 318 304 6
2 318 305 10
2 318 327 1
2 319 305 6
2 319 306 10
2 319 328 1
2 320 306 6
2 320 307 10
2 320 329 1
2 321 307 6
2 321 308 10
2 321 330 1
2 322 308 6
2 322 309 10
2 322 331 1
2 323 309 6
2 323 310 10
2 323 332 1
2 324 310 6
2 324 311 10
2 324 333 1
2 325 311 6
2 325 312 10
2 325 334 1
2 326 312 6
2 326 313 10
2 326 335 1
2 327 313 6
2 327 314 10
2 327 336 1
2 328 314 6
2 328 315 10
2 328 337 1
2 329 315 6
2 329 316 10
2 329 338 1
2 330 315 5
2 330 316 11
2 330 318 10
2 330 333 1
2 331 316 5
2 331 317 11
2 331 319 10
2 331 334 1
2 332 317 5
2 332 318 11
2 332 320 10
2 332 335 1
2 333 318 5
2 333 319 11
2 333 321 10
2 333 336 1
2 334 319 5
2 334 320 11
2 334 322 10
2 334 337 1
2 335 320 5
2 335 321 11
2 335 323 10
2 335 338 1
2 336 321 5
2 336 322 11
2 336 324 10
2 336 339 1
2 337 322 5
2 337 323 11
2 337 325 10
2 337 340 1
2 338 323 5
2 338 324 11
2 338 326 10
2 338 341 1
2 339 324 5
2 339 325 11
2 339 327 10
2 339 342 1
2 340 325 5
2 340 326 11
2 340 328 10
2 340 343 1
2 341 326 5
2 341 327 11
2 341 329 10
2 341 344 1
2 342 327 5
2 342 328 11
2 342 330 10
2 342 345 1
2 343 328 5
2 343 329 11
2 343 331 10
2 343 346 1
2 344 329 5
2 344 330 11
2 344 332 10
2 344 347 1
2 345 330 5
2 345 331 11
2 345 333 10
2 345 348 1
2 346 331 5
2 346 332 11
2 346 334 10
2 346 349 1
2 347 332 5
2 347 333 11
2 347 335 10
2 347 350 1
2 348 333 5
2 348 334 11
2 348 336 10
2 348 351 1
2 349 334 5
2 349 335 11
2 349 337 10
2 349 352 1
2 350 335 5
2 350 336 11
2 350 338 10
2 350 353 1
2 351 336 5
2 351 337 11
2 351 339 10
2 351 354 1
2 352 337 31
2 352 338 1
2 353 338 31
2 353 339 1
2 354 339 31
2 354 340 1
2 355 340 31
2 355 341 1
2 356 341 31
2 356 342 1
2 357 342 31
2 357 343 1
2 358 343 31
2 358 344 1
2 359 344 31
2 359 345 1
3 0 15 1
3 1 16 1
3 2 17 1
3 3 18 1
3 4 19 1
3 5 20 1
3 6 21 1
3 7 22 1
3 8 0 5
3 8 20 1
3 9 0 5
3 9 21 1
3 10 0 5
3 10 22 1
3 11 0 5
3 11 23 1
3 12 0 1
3 12 1 4
3 12 24 1
3 13 0 1
3 13 2 4
3 13 25 1
3 14 0 1
3 14 3 4
3 14 26 1
3 15 1 1
3 15 4 4
3 15 27 1
3 16 2 1
3 16 5 4
3 16 28 1
3 17 3 1
3 17 6 4
3 17 29 1
3 18 4 1
3 18 7 4
3 18 30 1
3 19 5 1
3 19 8 4
3 19 31 1
3 20 6 1
3 20 9 4
3 20 32 1
3 21 7 1
3 21 10 4
3 21 33 1
3 22 8 1
3 22 11 4
3 22 34 1
3 23 9 1
3 23 12 4
3 23 35 1
3 24 10 1
3 24 13 4
3 24 36 1
3 25 11 1
3 25 14 4
3 25 37 1
3 26 12 1
3 26 15 4
3 26 38 1
3 27 13 1
3 27 16 4
3 27 39 1
3 28 14 1
3 28 17 4
3 28 40 1
3 29 15 1
3 29 18 4
3 29 41 1
3 30 16 1
3 30 17 4
3 30 21 6
3 30 37 1
3 31 17 1
3 31 18 4
3 31 22 6
3 31 38 1
3 32 18 1
3 32 19 4
3 32 23 6
3 32 39 1
3 33 19 1
3 33 20 4
3 33 24 6
3 33 40 1
3 34 20 1
3 34 21 4
3 34 25 6
3 34 41 1
3 35 21 1
3 35 22 4
3 35 26 6
3 35 42 1
3 36 22 1
3 36 23 4
3 36 27 6
3 36 43 1
3 37 23 1
3 37 24 4
3 37 28 6
3 37 44 1
3 38 24 1
3 38 25 4
3 38 29 6
3 38 45 1
3 39 25 1
3 39 26 4
3 39 30 6
3 39 46 1
3 40 26 1
3 40 27 4
3 40 31 6
3 40 47 1
3 41 27 1
3 41 28 4
3 41 32 6
3 41 48 1
3 42 28 1
3 42 29 4
3 42 33 6
3 42 49 1
3 43 29 1
3 43 30 4
3 43 34 6
3 43 50 1
3 44 30 1
3 44 31 4
3 44 35 6
3 44 51 1
3 45 31 1
3 45 32 4
3 45 36 6
3 45 52 1
3 46 32 1
3 46 33 4
3 46 37 6
3 46 53 1
3 47 33 1
3 47 34 4
3 47 38 6
3 47 54 1
3 48 34 1
3 48 35 4
3 48 39 6
3 48 55 1
3 49 35 1
3 49 36 4
3 49 40 6
3 49 56 1
3 50 36 1
3 50 37 4
3 50 41 6
3 50 57 1
3 51 37 1
3 51 38 4
3 51 42 6
3 51 58 1
3 52 38 1
3 52 39 4
3 52 43 6
3 52 59 1
3 53 39 1
3 53 40 4
3 53 44 6
3 53 60 1
3 54 40 1
3 54 41 4
3 54 45 6
3 54 61 1
3 55 41 1
3 55 42 4
3 55 46 6
3 55 62 1
3 56 42 1
3 56 43 4
3 56 47 6
3 56 63 1
3 57 43 1
3 57 44 4
3 57 48 6
3 57 64 1
3 58 44 1
3 58 45 4
3 58 49 6
3 58 65 1
3 59 45 1
3 59 46 4
3 59 50 6
3 59 66 1
3 60 46 1
3 60 47 4
3 60 51 6
3 60 67 1
3 61 47 1
3 61 48 4
3 61 52 6
3 61 68 1
3 62 48 1
3 62 49 4
3 62 53 6
3 62 69 1
3 63 49 1
3 63 50 4
3 63 54 6
3 63 70 1
3 64 50 1
3 64 51 4
3 64 55 6
3 64 71 1
3 65 51 1
3 65 52 4
3 65 56 6
3 65 72 1
3 66 52 1
3 66 53 4
3 66 57 6
3 66 73 1
3 67 53 1
3 67 54 4
3 67 58 6
3 67 74 1
3 68 54 1
3 68 55 4
3 68 59 6
3 68 75 1
3 69 55 1
3 69 56 4
3 69 60 6
3 69 76 1
3 70 56 1
3 70 57 4
3 70 61 6
3 70 77 1
3 71 57 1
3 71 58 4
3 71 62 6
3 71 78 1
3 72 58 1
3 72 59 4
3 72 63 6
3 72 79 1
3 73 59 1
3 73 60 4
3 73 64 6
3 73 80 1
3 74 60 1
3 74 61 4
3 74 65 6
3 74 81 1
3 75 61 1
3 75 62 4
3 75 66 6
3 75 82 1
3 76 62 1
3 76 63 4
3 76 67 6
3 76 83 1
3 77 63 1
3 77 64 4
3 77 68 6
3 77 84 1
3 78 64 1
3 78 65 4
3 78 69 6
3 78 85 1
3 79 65 1
3 79 66 4
3 79 70 6
3 79 86 1
3 80 66 1
3 80 67 4
3 80 71 6
3 80 87 1
3 81 67 1
3 81 68 4
3 81 72 6
3 81 88 1
3 82 68 1
3 82 69 4
3 82 73 6
3 82 89 1
3 83 69 1
3 83 70 4
3 83 74 6
3 83 90 1
3 84 70 1
3 84 71 4
3 84 75 6
3 84 91 1
3 85 71 1
3 85 72 4
3 85 76 6
3 85 92 1
3 86 72 1
3 86 73 4
3 86 77 6
3 86 93 1
3 87 73 1
3 87 74 4
3 87 78 6
3 87 94 1
3 88 74 1
3 88 75 4
3 88 79 6
3 88 95 1
3 89 75 1
3 89 76 4
3 89 80 6
3 89 96 1
3 90 76 1
3 90 77 4
3 90 81 6
3 90 97 1
3 91 77 1
3 91 78 4
3 91 82 6
3 91 98 1
3 92 78 1
3 92 79 4
3 92 83 6
3 92 99 1
3 93 79 1
3 93 80 4
3 93 84 6
3 93 100 1
3 94 80 1
3 94 81 4
3 94 85 6
3 94 101 1
3 95 81 1
3 95 82 4
3 95 86 6
3 95 102 1
3 96 82 1
3 96 83 4
3 96 87 6
3 96 103 1
3 97 83 1
3 97 84 4
3 97 88 6
3 97 104 1
3 98 84 1
3 98 85 4
3 98 89 6
3 98 105 1
3 99 85 1
3 99 86 4
3 99 90 6
3 99 106 1
3 100 86 1
3 100 87 4
3 100 91 6
3 100 107 1
3 101 87 1
3 101 88 4
3 101 92 6
3 101 108 1
3 102 88 1
3 102 89 4
3 102 93 6
3 102 109 1
3 103 89 1
3 103 90 4
3 103 94 6
3 103 110 1
3 104 90 1
3 104 91 4
3 104 95 6
3 104 111 1
3 105 91 1
3 105 92 4
3 105 96 6
3 105 112 1
3 106 92 1
3 106 93 4
3 106 97 6
3 106 113 1
3 107 93 1
3 107 94 4
3 107 98 6
3 107 114 1
3 108 94 1
3 108 95 4
3 108 99 6
3 108 115 1
3 109 95 1
3 109 96 4
3 109 100 6
3 109 116 1
3 110 96 1
3 110 97 4
3 110 101 6
3 110 117 1
3 111 97 1
3 111 98 4
3 111 102 6
3 111 118 1
3 112 98 1
3 112 99 4
3 112 103 6
3 112 119 1
3 113 99 1
3 113 100 4
3 113 104 6
3 113 120 1
3 114 100 1
3 114 101 4
3 114 105 6
3 114 121 1
3 115 101 1
3 115 102 4
3 115 106 6
3 115 122 1
3 116 102 1
3 116 103 4
3 116 107 6
3 116 123 1
3 117 103 1
3 117 104 4
3 117 108 6
3 117 124 1
3 118 104 1
3 118 105 4
3 118 109 6
3 118 125 1
3 119 105 1
3 119 106 4
3 119 110 6
3 119 126 1
3 120 106 1
3 120 107 4
3 120 111 6
3 120 127 1
3 121 107 1
3 121 108 4
3 121 112 6
3 121 128 1
3 122 108 1
3 122 109 4
3 122 113 6
3 122 129 1
3 123 109 1
3 123 110 4
3 123 114 6
3 123 130 1
3 124 110 1
3 124 111 4
3 124 115 6
3 124 131 1
3 125 111 1
3 125 112 4
3 125 116 6
3 125 132 1
3 126 112 1
3 126 113 4
3 126 117 6
3 126 133 1
3 127 113 1
3 127 114 4
3 127 118 6
3 127 134 1
3 128 114 1
3 128 115 4
3 128 119 6
3 128 135 1
3 129 115 1
3 129 116 4
3 129 120 6
3 129 136 1
3 130 116 1
3 130 117 4
3 130 121 6
3 130 137 1
3 131 117 1
3 131 118 4
3 131 122 6
3 131 138 1
3 132 118 1
3 132 119 4
3 132 123 6
3 132 139 1
3 133 119 1
3 133 120 4
3 133 124 6
3 133 140 1
3 134 120 1
3 134 121 4
3 134 125 6
3 134 141 1
3 135 121 1
3 135 122 4
3 135 126 6
3 135 142 1
3 136 122 1
3 136 123 4
3 136 127 6
3 136 143 1
3 137 123 1
3 137 124 4
3 137 128 6
3 137 144 1
3 138 124 1
3 138 125 4
3 138 129 6
3 138 145 1
3 139 125 1
3 139 126 4
3 139 130 6
3 139 146 1
3 140 126 1
3 140 127 4
3 140 131 6
3 140 147 1
3 141 127 1
3 141 128 4
3 141 132 6
3 141 148 1
3 142 128 1
3 142 129 4
3 142 133 6
3 142 149 1
3 143 129 1
3 143 130 4
3 143 134 6
3 143 150 1
3 144 130 1
3 144 131 4
3 144 135 6
3 144 151 1
3 145 131 1
3 145 132 4
3 145 136 6
3 145 152 1
3 146 132 1
3 146 133 4
3 146 137 6
3 146 153 1
3 147 133 1
3 147 134 4
3 147 138 6
3 147 154 1
3 148 134 1
3 148 135 4
3 148 139 6
3 148 155 1
3 149 135 1
3 149 136 4
3 149 140 6
3 149 156 1
3 150 136 1
3 150 137 4
3 150 141 6
3 150 157 1
3 151 137 1
3 151 138 4
3 151 142 6
3 151 158 1
3 152 138 1
3 152 139 4
3 152 143 6
3 152 159 1
3 153 139 1
3 153 140 4
3 153 144 6
3 153 160 1
3 154 140 1
3 154 141 4
3 154 145 6
3 154 161 1
3 155 141 1
3 155 142 4
3 155 146 6
3 155 162 1
3 156 142 1
3 156 143 4
3 156 147 6
3 156 163 1
3 157 143 1
3 157 144 4
3 157 148 6
3 157 164 1
3 158 144 1
3 158 145 4
3 158 149 6
3 158 165 1
3 159 145 1
3 159 146 4
3 159 150 6
3 159 166 1
3 160 146 1
3 160 147 4
3 160 151 6
3 160 167 1
3 161 147 1
3 161 148 4
3 161 152 6
3 161 168 1
3 162 148 1
3 162 149 4
3 162 153 6
3 162 169 1
3 163 149 1
3 163 150 4
3 163 154 6
3 163 170 1
3 164 150 1
3 164 151 4
3 164 155 6
3 164 171 1
3 165 151 1
3 165 152 4
3 165 156 6
3 165 172 1
3 166 152 1
3 166 153 4
3 166 157 6
3 166 173 1
3 167 153 1
3 167 154 4
3 167 158 6
3 167 174 1
3 168 154 1
3 168 155 4
3 168 159 6
3 168 175 1
3 169 155 1
3 169 156 4
3 169 160 6
3 169 176 1
3 170 156 1
3 170 157 4
3 170 161 6
3 170 177 1
3 171 157 1
3 171 158 4
3 171 162 6
3 171 178 1
3 172 158 1
3 172 159 4
3 172 163 6
3 172 179 1
3 173 159 1
3 173 160 4
3 173 164 6
3 173 180 1
3 174 160 1
3 174 161 4
3 174 165 6
3 174 181 1
3 175 161 1
3 175 162 4
3 175 166 6
3 175 182 1
3 176 162 1
3 176 163 4
3 176 167 6
3 176 183 1
3 177 163 1
3 177 164 4
3 177 168 6
3 177 184 1
3 178 164 1
3 178 165 4
3 178 169 6
3 178 185 1
3 179 165 1
3 179 166 4
3 179 170 6
3 179 186 1
3 180 166 5
3 180 167 6
3 180 173 4
3 180 178 1
3 181 167 5
3 181 168 6
3 181 174 4
3 181 179 1
3 182 168 5
3 182 169 6
3 182 175 4
3 182 180 1
3 183 169 5
3 183 170 6
3 183 176 4
3 183 181 1
3 184 170 5
3 184 171 6
3 184 177 4
3 184 182 1
3 185 171 5
3 185 172 6
3 185 178 4
3 185 183 1
3 186 172 5
3 186 173 6
3 186 179 4
3 186 184 1
3 187 173 5
3 187 174 6
3 187 180 4
3 187 185 1
3 188 174 5
3 188 175 6
3 188 181 4
3 188 186 1
3 189 175 5
3 189 176 6
3 189 182 4
3 189 187 1
3 190 176 5
3 190 177 6
3 190 183 4
3 190 188 1
3 191 177 5
3 191 178 6
3 191 184 4
3 191 189 1
3 192 178 5
3 192 179 6
3 192 185 4
3 192 190 1
3 193 179 5
3 193 180 6
3 193 186 4
3 193 191 1
3 194 180 5
3 194 181 6
3 194 187 4
3 194 192 1
3 195 181 5
3 195 182 6
3 195 188 4
3 195 193 1
3 196 182 5
3 196 183 6
3 196 189 4
3 196 194 1
3 197 183 5
3 197 184 6
3 197 190 4
3 197 195 1
3 198 184 5
3 198 185 6
3 198 191 4
3 198 196 1
3 199 185 5
3 199 186 6
3 199 192 4
3 199 197 1
3 200 186 5
3 200 187 6
3 200 193 4
3 200 198 1
3 201 187 5
3 201 188 6
3 201 194 4
3 201 199 1
3 202 188 5
3 202 189 6
3 202 195 4
3 202 200 1
3 203 189 5
3 203 190 6
3 203 196 4
3 203 201 1
3 204 190 5
3 204 191 6
3 204 197 4
3 204 202 1
3 205 191 5
3 205 192 6
3 205 198 4
3 205 203 1
3 206 192 5
3 206 193 6
3 206 199 4
3 206 204 1
3 207 193 5
3 207 194 6
3 207 200 4
3 207 205 1
3 208 194 5
3 208 195 6
3 208 201 4
3 208 206 1
3 209 195 5
3 209 196 6
3 209 202 4
3 209 207 1
3 210 196 5
3 210 197 6
3 210 203 4
3 210 208 1
3 211 197 5
3 211 198 6
3 211 204 4
3 211 209 1
3 212 198 5
3 212 199 6
3 212 205 4
3 212 210 1
3 213 199 5
3 213 200 6
3 213 206 4
3 213 211 1
3 214 200 5
3 214 201 6
3 214 207 4
3 214 212 1
3 215 201 5
3 215 202 6
3 215 208 4
3 215 213 1
3 216 202 5
3 216 203 6
3 216 209 4
3 216 214 1
3 217 203 5
3 217 204 6
3 217 210 4
3 217 215 1
3 218 204 5
3 218 205 6
3 218 211 4
3 218 216 1
3 219 205 5
3 219 206 6
3 219 212 4
3 219 217 1
3 220 206 5
3 220 207 6
3 220 213 4
3 220 218 1
3 221 207 5
3 221 208 6
3 221 214 4
3 221 219 1
3 222 208 5
3 222 209 6
3 222 215 4
3 222 220 1
3 223 209 5
3 223 210 6
3 223 216 4
3 223 221 1
3 224 210 5
3 224 211 6
3 224 217 4
3 224 222 1
3 225 211 5
3 225 212 6
3 225 218 4
3 225 223 1
3 226 212 5
3 226 213 6
3 226 219 4
3 226 224 1
3 227 213 5
3 227 214 6
3 227 220 4
3 227 225 1
3 228 214 5
3 228 215 6
3 228 221 4
3 228 226 1
3 229 215 5
3 229 216 6
3 229 222 4
3 229 227 1
3 230 216 5
3 230 217 6
3 230 223 4
3 230 228 1
3 231 217 5
3 231 218 6
3 231 224 4
3 231 229 1
3 232 218 5
3 232 219 6
3 232 225 4
3 232 230 1
3 233 219 5
3 233 220 6
3 233 226 4
3 233 231 1
3 234 220 5
3 234 221 6
3 234 227 4
3 234 232 1
3 235 221 5
3 235 222 6
3 235 228 4
3 235 233 1
3 236 222 5
3 236 223 6
3 236 229 4
3 236 234 1
3 237 223 5
3 237 224 6
3 237 230 4
3 237 235 1
3 238 224 5
3 238 225 6
3 238 231 4
3 238 236 1
3 239 225 5
3 239 226 6
3 239 232 4
3 239 237 1
3 240 226 5
3 240 227 6
3 240 233 4
3 240 238 1
3 241 227 5
3 241 228 6
3 241 234 4
3 241 239 1
3 242 228 5
3 242 229 6
3 242 235 4
3 242 240 1
3 243 229 5
3 243 230 6
3 243 236 4
3 243 241 1
3 244 230 5
3 244 231 6
3 244 237 4
3 244 242 1
3 245 231 5
3 245 232 6
3 245 238 4
3 245 243 1
3 246 232 5
3 246 233 6
3 246 239 4
3 246 244 1
3 247 233 5
3 247 234 6
3 247 240 4
3 247 245 1
3 248 234 5
3 248 235 6
3 248 241 4
3 248 246 1
3 249 235 5
3 249 236 6
3 249 242 4
3 249 247 1
3 250 236 5
3 250 237 6
3 250 243 4
3 250 248 1
3 251 237 5
3 251 238 6
3 251 244 4
3 251 249 1
3 252 238 5
3 252 239 6
3 252 245 4
3 252 250 1
3 253 239 5
3 253 240 6
3 253 246 4
3 253 251 1
3 254 240 5
3 254 241 6
3 254 247 4
3 254 252 1
3 255 241 5
3 255 242 6
3 255 248 4
3 255 253 1
3 256 242 5
3 256 243 6
3 256 249 4
3 256 254 1
3 257 243 5
3 257 244 6
3 257 250 4
3 257 255 1
3 258 244 5
3 258 245 6
3 258 251 4
3 258 256 1
3 259 245 5
3 259 246 6
3 259 252 4
3 259 257 1
3 260 246 5
3 260 247 6
3 260 253 4
3 260 258 1
3 261 247 5
3 261 248 6
3 261 254 4
3 261 259 1
3 262 248 5
3 262 249 6
3 262 255 4
3 262 260 1
3 263 249 5
3 263 250 6
3 263 256 4
3 263 261 1
3 264 250 5
3 264 251 6
3 264 257 4
3 264 262 1
3 265 251 5
3 265 252 6
3 265 258 4
3 265 263 1
3 266 252 5
3 266 253 6
3 266 259 4
3 266 264 1
3 267 253 5
3 267 254 6
3 267 260 4
3 267 265 1
3 268 254 5
3 268 255 6
3 268 261 4
3 268 266 1
3 269 255 5
3 269 256 6
3 269 262 4
3 269 267 1
3 270 256 5
3 270 257 6
3 270 263 4
3 270 268 1
3 271 257 5
3 271 258 6
3 271 264 4
3 271 269 1
3 272 258 5
3 272 259 6
3 272 265 4
3 272 270 1
3 273 259 5
3 273 260 6
3 273 266 4
3 273 271 1
3 274 260 5
3 274 261 6
3 274 267 4
3 274 272 1
3 275 261 5
3 275 262 6
3 275 268 4
3 275 273 1
3 276 262 5
3 276 263 6
3 276 269 4
3 276 274 1
3 277 263 5
3 277 264 6
3 277 270 4
3 277 275 1
3 278 264 5
3 278 265 6
3 278 271 4
3 278 276 1
3 279 265 5
3 279 266 6
3 279 272 4
3 279 277 1
3 280 266 5
3 280 267 6
3 280 273 4
3 280 278 1
3 281 267 5
3 281 268 6
3 281 274 4
3 281 279 1
3 282 268 5
3 282 269 6
3 282 275 4
3 282 280 1
3 283 269 5
3 283 270 6
3 283 276 4
3 283 281 1
3 284 270 5
3 284 271 6
3 284 277 4
3 284 282 1
3 285 271 5
3 285 272 6
3 285 278 4
3 285 283 1
3 286 272 5
3 286 273 6
3 286 279 4
3 286 284 1
3 287 273 5
3 287 274 6
3 287 280 4
3 287 285 1
3 288 274 5
3 288 275 6
3 288 281 4
3 288 286 1
3 289 275 5
3 289 276 6
3 289 282 4
3 289 287 1
3 290 276 5
3 290 277 6
3 290 283 4
3 290 288 1
3 291 277 5
3 291 278 6
3 291 284 4
3 291 289 1
3 292 278 5
3 292 279 6
3 292 285 4
3 292 290 1
3 293 279 5
3 293 280 6
3 293 286 4
3 293 291 1
3 294 280 5
3 294 281 6
3 294 287 4
3 294 292 1
3 295 281 5
3 295 282 6
3 295 288 4
3 295 293 1
3 296 282 5
3 296 283 6
3 296 289 4
3 296 294 1
3 297 283 5
3 297 284 6
3 297 290 4
3 297 295 1
3 298 284 5
3 298 285 6
3 298 291 4
3 298 296 1
3 299 285 5
3 299 286 6
3 299 292 4
3 299 297 1
3 300 286 5
3 300 287 6
3 300 293 4
3 300 298 1
3 301 287 5
3 301 288 6
3 301 294 4
3 301 299 1
3 302 288 5
3 302 289 6
3 302 295 4
3 302 300 1
3 303 289 5
3 303 290 6
3 303 296 4
3 303 301 1
3 304 290 5
3 304 291 6
3 304 297 4
3 304 302 1
3 305 291 5
3 305 292 6
3 305 298 4
3 305 303 1
3 306 292 5
3 306 293 6
3 306 299 4
3 306 304 1
3 307 293 5
3 307 294 6
3 307 300 4
3 307 305 1
3 308 294 5
3 308 295 6
3 308 301 4
3 308 306 1
3 309 295 5
3 309 296 6
3 309 302 4
3 309 307 1
3 310 296 5
3 310 297 6
3 310 303 4
3 310 308 1
3 311 297 5
3 311 298 6
3 311 304 4
3 311 309 1
3 312 298 5
3 312 299 6
3 312 305 4
3 312 310 1
3 313 299 5
3 313 300 6
3 313 306 4
3 313 311 1
3 314 300 5
3 314 301 6
3 314 307 4
3 314 312 1
3 315 301 5
3 315 302 6
3 315 308 4
3 315 313 1
3 316 302 5
3 316 303 6
3 316 309 4
3 316 314 1
3 317 303 5
3 317 304 6
3 317 310 4
3 317 315 1
3 318 304 5
3 318 305 6
3 318 311 4
3 318 316 1
3 319 305 5
3 319 306 6
3 319 312 4
3 319 317 1
3 320 306 5
3 320 307 6
3 320 313 4
3 320 318 1
3 321 307 5
3 321 308 6
3 321 314 4
3 321 319 1
3 322 308 5
3 322 309 6
3 322 315 4
3 322 320 1
3 323 309 5
3 323 310 6
3 323 316 4
3 323 321 1
3 324 310 5
3 324 311 6
3 324 317 4
3 324 322 1
3 325 311 5
3 325 312 6
3 325 318 4
3 325 323 1
3 326 312 5
3 326 313 6
3 326 319 4
3 326 324 1
3 327 313 5
3 327 314 6
3 327 320 4
3 327 325 1
3 328 314 5
3 328 315 6
3 328 321 4
3 328 326 1
3 329 315 5
3 329 316 6
3 329 322 4
3 329 327 1
3 330 315 4
3 330 316 7
3 330 318 4
3 330 328 1
3 331 316 4
3 331 317 7
3 331 319 4
3 331 329 1
3 332 317 4
3 332 318 7
3 332 320 4
3 332 330 1
3 333 318 4
3 333 319 7
3 333 321 4
3 333 331 1
3 334 319 4
3 334 320 7
3 334 322 4
3 334 332 1
3 335 320 4
3 335 321 7
3 335 323 4
3 335 333 1
3 336 321 4
3 336 322 7
3 336 324 4
3 336 334 1
3 337 322 4
3 337 323 7
3 337 325 4
3 337 335 1
3 338 323 4
3 338 324 7
3 338 326 4
3 338 336 1
3 339 324 4
3 339 325 7
3 339 327 4
3 339 337 1
3 340 325 4
3 340 326 7
3 340 328 4
3 340 338 1
3 341 326 4
3 341 327 7
3 341 329 4
3 341 339 1
3 342 327 4
3 342 328 7
3 342 330 4
3 342 340 1
3 343 328 4
3 343 329 7
3 343 331 4
3 343 341 1
3 344 329 4
3 344 330 7
3 344 332 4
3 344 342 1
3 345 330 4
3 345 331 7
3 345 333 4
3 345 343 1
3 346 331 4
3 346 332 7
3 346 334 4
3 346 344 1
3 347 332 4
3 347 333 7
3 347 335 4
3 347 345 1
3 348 333 4
3 348 334 7
3 348 336 4
3 348 346 1
3 349 334 4
3 349 335 7
3 349 337 4
3 349 347 1
3 350 335 4
3 350 336 7
3 350 338 4
3 350 348 1
3 351 336 4
3 351 337 7
3 351 339 4
3 351 349 1
3 352 337 15
3 352 338 1
3 353 338 15
3 353 339 1
3 354 339 15
3 354 340 1
3 355 340 15
3 355 341 1
3 356 341 15
3 356 342 1
3 357 342 15
3 357 343 1
3 358 343 15
3 358 344 1
3 359 344 15
3 359 345 1
4 0 15 1
4 1 16 1
4 2 17 1
4 3 18 1
4 4 19 1
4 5 20 1
4 6 21 1
4 7 22 1
4 8 0 4
4 8 5 3
4 8 10 1
4 9 0 4
4 9 6 3
4 9 11 1
4 10 0 4
4 10 7 3
4 10 12 1
4 11 0 4
4 11 8 3
4 11 13 1
4 12 0 1
4 12 1 3
4 12 9 3
4 12 14 1
4 13 0 1
4 13 2 3
4 13 10 3
4 13 15 1
4 14 0 1
4 14 3 3
4 14 11 3
4 14 16 1
4 15 1 1
4 15 4 3
4 15 12 3
4 15 17 1
4 16 2 1
4 16 5 3
4 16 13 3
4 16 18 1
4 17 3 1
4 17 6 3
4 17 14 3
4 17 19 1
4 18 4 1
4 18 7 3
4 18 15 3
4 18 20 1
4 19 5 1
4 19 8 3
4 19 16 3
4 19 21 1
4 20 6 1
4 20 9 3
4 20 17 3
4 20 22 1
4 21 7 1
4 21 10 3
4 21 18 3
4 21 23 1
4 22 8 1
4 22 11 3
4 22 19 3
4 22 24 1
4 23 9 1
4 23 12 3
4 23 20 3
4 23 25 1
4 24 10 1
4 24 13 3
4 24 21 3
4 24 26 1
4 25 11 1
4 25 14 3
4 25 22 3
4 25 27 1
4 26 12 1
4 26 15 3
4 26 23 3
4 26 28 1
4 27 13 1
4 27 16 3
4 27 24 3
4 27 29 1
4 28 14 1
4 28 17 3
4 28 25 3
4 28 30 1
4 29 15 1
4 29 18 3
4 29 26 3
4 29 31 1
4 30 16 1
4 30 17 3
4 30 21 3
4 30 32 1
4 31 17 1
4 31 18 3
4 31 22 3
4 31 33 1
4 32 18 1
4 32 19 3
4 32 23 3
4 32 34 1
4 33 19 1
4 33 20 3
4 33 24 3
4 33 35 1
4 34 20 1
4 34 21 3
4 34 25 3
4 34 36 1
4 35 21 1
4 35 22 3
4 35 26 3
4 35 37 1
4 36 22 1
4 36 23 3
4 36 27 3
4 36 38 1
4 37 23 1
4 37 24 3
4 37 28 3
4 37 39 1
4 38 24 1
4 38 25 3
4 38 29 3
4 38 40 1
4 39 25 1
4 39 26 3
4 39 30 3
4 39 41 1
4 40 26 1
4 40 27 3
4 40 31 3
4 40 42 1
4 41 27 1
4 41 28 3
4 41 32 3
4 41 43 1
4 42 28 1
4 42 29 3
4 42 33 3
4 42 44 1
4 43 29 1
4 43 30 3
4 43 34 3
4 43 45 1
4 44 30 1
4 44 31 3
4 44 35 3
4 44 46 1
4 45 31 1
4 45 32 3
4 45 36 3
4 45 47 1
4 46 32 1
4 46 33 3
4 46 37 3
4 46 48 1
4 47 33 1
4 47 34 3
4 47 38 3
4 47 49 1
4 48 34 1
4 48 35 3
4 48 39 3
4 48 50 1
4 49 35 1
4 49 36 3
4 49 40 3
4 49 51 1
4 50 36 1
4 50 37 3
4 50 41 3
4 50 52 1
4 51 37 1
4 51 38 3
4 51 42 3
4 51 53 1
4 52 38 1
4 52 39 3
4 52 43 3
4 52 54 1
4 53 39 1
4 53 40 3
4 53 44 3
4 53 55 1
4 54 40 1
4 54 41 3
4 54 45 3
4 54 56 1
4 55 41 1
4 55 42 3
4 55 46 3
4 55 57 1
4 56 42 1
4 56 43 3
4 56 47 3
4 56 58 1
4 57 43 1
4 57 44 3
4 57 48 3
4 57 59 1
4 58 44 1
4 58 45 3
4 58 49 3
4 58 60 1
4 59 45 1
4 59 46 3
4 59 50 3
4 59 61 1
4 60 46 1
4 60 47 3
4 60 51 3
4 60 62 1
4 61 47 1
4 61 48 3
4 61 52 3
4 61 63 1
4 62 48 1
4 62 49 3
4 62 53 3
4 62 64 1
4 63 49 1
4 63 50 3
4 63 54 3
4 63 65 1
4 64 50 1
4 64 51 3
4 64 55 3
4 64 66 1
4 65 51 1
4 65 52 3
4 65 56 3
4 65 67 1
4 66 52 1
4 66 53 3
4 66 57 3
4 66 68 1
4 67 53 1
4 67 54 3
4 67 58 3
4 67 69 1
4 68 54 1
4 68 55 3
4 68 59 3
4 68 70 1
4 69 55 1
4 69 56 3
4 69 60 3
4 69 71 1
4 70 56 1
4 70 57 3
4 70 61 3
4 70 72 1
4 71 57 1
4 71 58 3
4 71 62 3
4 71 73 1
4 72 58 1
4 72 59 3
4 72 63 3
4 72 74 1
4 73 59 1
4 73 60 3
4 73 64 3
4 73 75 1
4 74 60 1
4 74 61 3
4 74 65 3
4 74 76 1
4 75 61 1
4 75 62 3
4 75 66 3
4 75 77 1
4 76 62 1
4 76 63 3
4 76 67 3
4 76 78 1
4 77 63 1
4 77 64 3
4 77 68 3
4 77 79 1
4 78 64 1
4 78 65 3
4 78 69 3
4 78 80 1
4 79 65 1
4 79 66 3
4 79 70 3
4 79 81 1
4 80 66 1
4 80 67 3
4 80 71 3
4 80 82 1
4 81 67 1
4 81 68 3
4 81 72 3
4 81 83 1
4 82 68 1
4 82 69 3
4 82 73 3
4 82 84 1
4 83 69 1
4 83 70 3
4 83 74 3
4 83 85 1
4 84 70 1
4 84 71 3
4 84 75 3
4 84 86 1
4 85 71 1
4 85 72 3
4 85 76 3
4 85 87 1
4 86 72 1
4 86 73 3
4 86 77 3
4 86 88 1
4 87 73 1
4 87 74 3
4 87 78 3
4 87 89 1
4 88 74 1
4 88 75 3
4 88 79 3
4 88 90 1
4 89 75 1
4 89 76 3
4 89 80 3
4 89 91 1
4 90 76 1
4 90 77 3
4 90 81 3
4 90 92 1
4 91 77 1
4 91 78 3
4 91 82 3
4 91 93 1
4 92 78 1
4 92 79 3
4 92 83 3
4 92 94 1
4 93 79 1
4 93 80 3
4 93 84 3
4 93 95 1
4 94 80 1
4 94 81 3
4 94 85 3
4 94 96 1
4 95 81 1
4 95 82 3
4 95 86 3
4 95 97 1
4 96 82 1
4 96 83 3
4 96 87 3
4 96 98 1
4 97 83 1
4 97 84 3
4 97 88 3
4 97 99 1
4 98 84 1
4 98 85 3
4 98 89 3
4 98 100 1
4 99 85 1
4 99 86 3
4 99 90 3
4 99 101 1
4 100 86 1
4 100 87 3
4 100 91 3
4 100 102 1
4 101 87 1
4 101 88 3
4 101 92 3
4 101 103 1
4 102 88 1
4 102 89 3
4 102 93 3
4 102 104 1
4 103 89 1
4 103 90 3
4 103 94 3
4 103 105 1
4 104 90 1
4 104 91 3
4 104 95 3
4 104 106 1
4 105 91 1
4 105 92 3
4 105 96 3
4 105 107 1
4 106 92 1
4 106 93 3
4 106 97 3
4 106 108 1
4 107 93 1
4 107 94 3
4 107 98 3
4 107 109 1
4 108 94 1
4 108 95 3
4 108 99 3
4 108 110 1
4 109 95 1
4 109 96 3
4 109 100 3
4 109 111 1
4 110 96 1
4 110 97 3
4 110 101 3
4 110 112 1
4 111 97 1
4 111 98 3
4 111 102 3
4 111 113 1
4 112 98 1
4 112 99 3
4 112 103 3
4 112 114 1
4 113 99 1
4 113 100 3
4 113 104 3
4 113 115 1
4 114 100 1
4 114 101 3
4 114 105 3
4 114 116 1
4 115 101 1
4 115 102 3
4 115 106 3
4 115 117 1
4 116 102 1
4 116 103 3
4 116 107 3
4 116 118 1
4 117 103 1
4 117 104 3
4 117 108 3
4 117 119 1
4 118 104 1
4 118 105 3
4 118 109 3
4 118 120 1
4 119 105 1
4 119 106 3
4 119 110 3
4 119 121 1
4 120 106 1
4 120 107 3
4 120 111 3
4 120 122 1
4 121 107 1
4 121 108 3
4 121 112 3
4 121 123 1
4 122 108 1
4 122 109 3
4 122 113 3
4 122 124 1
4 123 109 1
4 123 110 3
4 123 114 3
4 123 125 1
4 124 110 1
4 124 111 3
4 124 115 3
4 124 126 1
4 125 111 1
4 125 112 3
4 125 116 3
4 125 127 1
4 126 112 1
4 126 113 3
4 126 117 3
4 126 128 1
4 127 113 1
4 127 114 3
4 127 118 3
4 127 129 1
4 128 114 1
4 128 115 3
4 128 119 3
4 128 130 1
4 129 115 1
4 129 116 3
4 129 120 3
4 129 131 1
4 130 116 1
4 130 117 3
4 130 121 3
4 130 132 1
4 131 117 1
4 131 118 3
4 131 122 3
4 131 133 1
4 132 118 1
4 132 119 3
4 132 123 3
4 132 134 1
4 133 119 1
4 133 120 3
4 133 124 3
4 133 135 1
4 134 120 1
4 134 121 3
4 134 125 3
4 134 136 1
4 135 121 1
4 135 122 3
4 135 126 3
4 135 137 1
4 136 122 1
4 136 123 3
4 136 127 3
4 136 138 1
4 137 123 1
4 137 124 3
4 137 128 3
4 137 139 1
4 138 124 1
4 138 125 3
4 138 129 3
4 138 140 1
4 139 125 1
4 139 126 3
4 139 130 3
4 139 141 1
4 140 126 1
4 140 127 3
4 140 131 3
4 140 142 1
4 141 127 1
4 141 128 3
4 141 132 3
4 141 143 1
4 142 128 1
4 142 129 3
4 142 133 3
4 142 144 1
4 143 129 1
4 143 130 3
4 143 134 3
4 143 145 1
4 144 130 1
4 144 131 3
4 144 135 3
4 144 146 1
4 145 131 1
4 145 132 3
4 145 136 3
4 145 147 1
4 146 132 1
4 146 133 3
4 146 137 3
4 146 148 1
4 147 133 1
4 147 134 3
4 147 138 3
4 147 149 1
4 148 134 1
4 148 135 3
4 148 139 3
4 148 150 1
4 149 135 1
4 149 136 3
4 149 140 3
4 149 151 1
4 150 136 1
4 150 137 3
4 150 141 3
4 150 152 1
4 151 137 1
4 151 138 3
4 151 142 3
4 151 153 1
4 152 138 1
4 152 139 3
4 152 143 3
4 152 154 1
4 153 139 1
4 153 140 3
4 153 144 3
4 153 155 1
4 154 140 1
4 154 141 3
4 154 145 3
4 154 156 1
4 155 141 1
4 155 142 3
4 155 146 3
4 155 157 1
4 156 142 1
4 156 143 3
4 156 147 3
4 156 158 1
4 157 143 1
4 157 144 3
4 157 148 3
4 157 159 1
4 158 144 1
4 158 145 3
4 158 149 3
4 158 160 1
4 159 145 1
4 159 146 3
4 159 150 3
4 159 161 1
4 160 146 1
4 160 147 3
4 160 151 3
4 160 162 1
4 161 147 1
4 161 148 3
4 161 152 3
4 161 163 1
4 162 148 1
4 162 149 3
4 162 153 3
4 162 164 1
4 163 149 1
4 163 150 3
4 163 154 3
4 163 165 1
4 164 150 1
4 164 151 3
4 164 155 3
4 164 166 1
4 165 151 1
4 165 152 3
4 165 156 3
4 165 167 1
4 166 152 1
4 166 153 3
4 166 157 3
4 166 168 1
4 167 153 1
4 167 154 3
4 167 158 3
4 167 169 1
4 168 154 1
4 168 155 3
4 168 159 3
4 168 170 1
4 169 155 1
4 169 156 3
4 169 160 3
4 169 171 1
4 170 156 1
4 170 157 3
4 170 161 3
4 170 172 1
4 171 157 1
4 171 158 3
4 171 162 3
4 171 173 1
4 172 158 1
4 172 159 3
4 172 163 3
4 172 174 1
4 173 159 1
4 173 160 3
4 173 164 3
4 173 175 1
4 174 160 1
4 174 161 3
4 174 165 3
4 174 176 1
4 175 161 1
4 175 162 3
4 175 166 3
4 175 177 1
4 176 162 1
4 176 163 3
4 176 167 3
4 176 178 1
4 177 163 1
4 177 164 3
4 177 168 3
4 177 179 1
4 178 164 1
4 178 165 3
4 178 169 3
4 178 180 1
4 179 165 1
4 179 166 3
4 179 170 3
4 179 181 1
4 180 166 4
4 180 167 3
4 180 173 1
4 181 167 4
4 181 168 3
4 181 174 1
4 182 168 4
4 182 169 3
4 182 175 1
4 183 169 4
4 183 170 3
4 183 176 1
4 184 170 4
4 184 171 3
4 184 177 1
4 185 171 4
4 185 172 3
4 185 178 1
4 186 172 4
4 186 173 3
4 186 179 1
4 187 173 4
4 187 174 3
4 187 180 1
4 188 174 4
4 188 175 3
4 188 181 1
4 189 175 4
4 189 176 3
4 189 182 1
4 190 176 4
4 190 177 3
4 190 183 1
4 191 177 4
4 191 178 3
4 191 184 1
4 192 178 4
4 192 179 3
4 192 185 1
4 193 179 4
4 193 180 3
4 193 186 1
4 194 180 4
4 194 181 3
4 194 187 1
4 195 181 4
4 195 182 3
4 195 188 1
4 196 182 4
4 196 183 3
4 196 189 1
4 197 183 4
4 197 184 3
4 197 190 1
4 198 184 4
4 198 185 3
4 198 191 1
4 199 185 4
4 199 186 3
4 199 192 1
4 200 186 4
4 200 187 3
4 200 193 1
4 201 187 4
4 201 188 3
4 201 194 1
4 202 188 4
4 202 189 3
4 202 195 1
4 203 189 4
4 203 190 3
4 203 196 1
4 204 190 4
4 204 191 3
4 204 197 1
4 205 191 4
4 205 192 3
4 205 198 1
4 206 192 4
4 206 193 3
4 206 199 1
4 207 193 4
4 207 194 3
4 207 200 1
4 208 194 4
4 208 195 3
4 208 201 1
4 209 195 4
4 209 196 3
4 209 202 1
4 210 196 4
4 210 197 3
4 210 203 1
4 211 197 4
4 211 198 3
4 211 204 1
4 212 198 4
4 212 199 3
4 212 205 1
4 213 199 4
4 213 200 3
4 213 206 1
4 214 200 4
4 214 201 3
4 214 207 1
4 215 201 4
4 215 202 3
4 215 208 1
4 216 202 4
4 216 203 3
4 216 209 1
4 217 203 4
4 217 204 3
4 217 210 1
4 218 204 4
4 218 205 3
4 218 211 1
4 219 205 4
4 219 206 3
4 219 212 1
4 220 206 4
4 220 207 3
4 220 213 1
4 221 207 4
4 221 208 3
4 221 214 1
4 222 208 4
4 222 209 3
4 222 215 1
4 223 209 4
4 223 210 3
4 223 216 1
4 224 210 4
4 224 211 3
4 224 217 1
4 225 211 4
4 225 212 3
4 225 218 1
4 226 212 4
4 226 213 3
4 226 219 1
4 227 213 4
4 227 214 3
4 227 220 1
4 228 214 4
4 228 215 3
4 228 221 1
4 229 215 4
4 229 216 3
4 229 222 1
4 230 216 4
4 230 217 3
4 230 223 1
4 231 217 4
4 231 218 3
4 231 224 1
4 232 218 4
4 232 219 3
4 232 225 1
4 233 219 4
4 233 220 3
4 233 226 1
4 234 220 4
4 234 221 3
4 234 227 1
4 235 221 4
4 235 222 3
4 235 228 1
4 236 222 4
4 236 223 3
4 236 229 1
4 237 223 4
4 237 224 3
4 237 230 1
4 238 224 4
4 238 225 3
4 238 231 1
4 239 225 4
4 239 226 3
4 239 232 1
4 240 226 4
4 240 227 3
4 240 233 1
4 241 227 4
4 241 228 3
4 241 234 1
4 242 228 4
4 242 229 3
4 242 235 1
4 243 229 4
4 243 230 3
4 243 236 1
4 244 230 4
4 244 231 3
4 244 237 1
4 245 231 4
4 245 232 3
4 245 238 1
4 246 232 4
4 246 233 3
4 246 239 1
4 247 233 4
4 247 234 3
4 247 240 1
4 248 234 4
4 248 235 3
4 248 241 1
4 249 235 4
4 249 236 3
4 249 242 1
4 250 236 4
4 250 237 3
4 250 243 1
4 251 237 4
4 251 238 3
4 251 244 1
4 252 238 4
4 252 239 3
4 252 245 1
4 253 239 4
4 253 240 3
4 253 246 1
4 254 240 4
4 254 241 3
4 254 247 1
4 255 241 4
4 255 242 3
4 255 248 1
4 256 242 4
4 256 243 3
4 256 249 1
4 257 243 4
4 257 244 3
4 257 250 1
4 258 244 4
4 258 245 3
4 258 251 1
4 259 245 4
4 259 246 3
4 259 252 1
4 260 246 4
4 260 247 3
4 260 253 1
4 261 247 4
4 261 248 3
4 261 254 1
4 262 248 4
4 262 249 3
4 262 255 1
4 263 249 4
4 263 250 3
4 263 256 1
4 264 250 4
4 264 251 3
4 264 257 1
4 265 251 4
4 265 252 3
4 265 258 1
4 266 252 4
4 266 253 3
4 266 259 1
4 267 253 4
4 267 254 3
4 267 260 1
4 268 254 4
4 268 255 3
4 268 261 1
4 269 255 4
4 269 256 3
4 269 262 1
4 270 256 4
4 270 257 3
4 270 263 1
4 271 257 4
4 271 258 3
4 271 264 1
4 272 258 4
4 272 259 3
4 272 265 1
4 273 259 4
4 273 260 3
4 273 266 1
4 274 260 4
4 274 261 3
4 274 267 1
4 275 261 4
4 275 262 3
4 275 268 1
4 276 262 4
4 276 263 3
4 276 269 1
4 277 263 4
4 277 264 3
4 277 270 1
4 278 264 4
4 278 265 3
4 278 271 1
4 279 265 4
4 279 266 3
4 279 272 1
4 280 266 4
4 280 267 3
4 280 273 1
4 281 267 4
4 281 268 3
4 281 274 1
4 282 268 4
4 282 269 3
4 282 275 1
4 283 269 4
4 283 270 3
4 283 276 1
4 284 270 4
4 284 271 3
4 284 277 1
4 285 271 4
4 285 272 3
4 285 278 1
4 286 272 4
4 286 273 3
4 286 279 1
4 287 273 4
4 287 274 3
4 287 280 1
4 288 274 4
4 288 275 3
4 288 281 1
4 289 275 4
4 289 276 3
4 289 282 1
4 290 276 4
4 290 277 3
4 290 283 1
4 291 277 4
4 291 278 3
4 291 284 1
4 292 278 4
4 292 279 3
4 292 285 1
4 293 279 4
4 293 280 3
4 293 286 1
4 294 280 4
4 294 281 3
4 294 287 1
4 295 281 4
4 295 282 3
4 295 288 1
4 296 282 4
4 296 283 3
4 296 289 1
4 297 283 4
4 297 284 3
4 297 290 1
4 298 284 4
4 298 285 3
4 298 291 1
4 299 285 4
4 299 286 3
4 299 292 1
4 300 286 4
4 300 287 3
4 300 293 1
4 301 287 4
4 301 288 3
4 301 294 1
4 302 288 4
4 302 289 3
4 302 295 1
4 303 289 4
4 303 290 3
4 303 296 1
4 304 290 4
4 304 291 3
4 304 297 1
4 305 291 4
4 305 292 3
4 305 298 1
4 306 292 4
4 306 293 3
4 306 299 1
4 307 293 4
4 307 294 3
4 307 300 1
4 308 294 4
4 308 295 3
4 308 301 1
4 309 295 4
4 309 296 3
4 309 302 1
4 310 296 4
4 310 297 3
4 310 303 1
4 311 297 4
4 311 298 3
4 311 304 1
4 312 298 4
4 312 299 3
4 312 305 1
4 313 299 4
4 313 300 3
4 313 306 1
4 314 300 4
4 314 301 3
4 314 307 1
4 315 301 4
4 315 302 3
4 315 308 1
4 316 302 4
4 316 303 3
4 316 309 1
4 317 303 4
4 317 304 3
4 317 310 1
4 318 304 4
4 318 305 3
4 318 311 1
4 319 305 4
4 319 306 3
4 319 312 1
4 320 306 4
4 320 307 3
4 320 313 1
4 321 307 4
4 321 308 3
4 321 314 1
4 322 308 4
4 322 309 3
4 322 315 1
4 323 309 4
4 323 310 3
4 323 316 1
4 324 310 4
4 324 311 3
4 324 317 1
4 325 311 4
4 325 312 3
4 325 318 1
4 326 312 4
4 326 313 3
4 326 319 1
4 327 313 4
4 327 314 3
4 327 320 1
4 328 314 4
4 328 315 3
4 328 321 1
4 329 315 4
4 329 316 3
4 329 322 1
4 330 315 3
4 330 316 4
4 330 318 1
4 331 316 3
4 331 317 4
4 331 319 1
4 332 317 3
4 332 318 4
4 332 320 1
4 333 318 3
4 333 319 4
4 333 321 1
4 334 319 3
4 334 320 4
4 334 322 1
4 335 320 3
4 335 321 4
4 335 323 1
4 336 321 3
4 336 322 4
4 336 324 1
4 337 322 3
4 337 323 4
4 337 325 1
4 338 323 3
4 338 324 4
4 338 326 1
4 339 324 3
4 339 325 4
4 339 327 1
4 340 325 3
4 340 326 4
4 340 328 1
4 341 326 3
4 341 327 4
4 341 329 1
4 342 327 3
4 342 328 4
4 342 330 1
4 343 328 3
4 343 329 4
4 343 331 1
4 344 329 3
4 344 330 4
4 344 332 1
4 345 330 3
4 345 331 4
4 345 333 1
4 346 331 3
4 346 332 4
4 346 334 1
4 347 332 3
4 347 333 4
4 347 335 1
4 348 333 3
4 348 334 4
4 348 336 1
4 349 334 3
4 349 335 4
4 349 337 1
4 350 335 3
4 350 336 4
4 350 338 1
4 351 336 3
4 351 337 4
4 351 339 1
4 352 337 7
4 352 338 1
4 353 338 7
4 353 339 1
4 354 339 7
4 354 340 1
4 355 340 7
4 355 341 1
4 356 341 7
4 356 342 1
4 357 342 7
4 357 343 1
4 358 343 7
4 358 344 1
4 359 344 7
4 359 345 1
5 0 15 1
5 1 16 1
5 2 17 1
5 3 18 1
5 4 19 1
5 5 20 1
5 6 21 1
5 7 22 1
5 8 0 3
5 8 5 1
5 9 0 3
5 9 6 1
5 10 0 3
5 10 7 1
5 11 0 3
5 11 8 1
5 12 0 1
5 12 1 2
5 12 9 1
5 13 0 1
5 13 2 2
5 13 10 1
5 14 0 1
5 14 3 2
5 14 11 1
5 15 1 1
5 15 4 2
5 15 12 1
5 16 2 1
5 16 5 2
5 16 13 1
5 17 3 1
5 17 6 2
5 17 14 1
5 18 4 1
5 18 7 2
5 18 15 1
5 19 5 1
5 19 8 2
5 19 16 1
5 20 6 1
5 20 9 2
5 20 17 1
5 21 7 1
5 21 10 2
5 21 18 1
5 22 8 1
5 22 11 2
5 22 19 1
5 23 9 1
5 23 12 2
5 23 20 1
5 24 10 1
5 24 13 2
5 24 21 1
5 25 11 1
5 25 14 2
5 25 22 1
5 26 12 1
5 26 15 2
5 26 23 1
5 27 13 1
5 27 16 2
5 27 24 1
5 28 14 1
5 28 17 2
5 28 25 1
5 29 15 1
5 29 18 2
5 29 26 1
5 30 16 1
5 30 17 2
5 30 21 1
5 31 17 1
5 31 18 2
5 31 22 1
5 32 18 1
5 32 19 2
5 32 23 1
5 33 19 1
5 33 20 2
5 33 24 1
5 34 20 1
5 34 21 2
5 34 25 1
5 35 21 1
5 35 22 2
5 35 26 1
5 36 22 1
5 36 23 2
5 36 27 1
5 37 23 1
5 37 24 2
5 37 28 1
5 38 24 1
5 38 25 2
5 38 29 1
5 39 25 1
5 39 26 2
5 39 30 1
5 40 26 1
5 40 27 2
5 40 31 1
5 41 27 1
5 41 28 2
5 41 32 1
5 42 28 1
5 42 29 2
5 42 33 1
5 43 29 1
5 43 30 2
5 43 34 1
5 44 30 1
5 44 31 2
5 44 35 1
5 45 31 1
5 45 32 2
5 45 36 1
5 46 32 1
5 46 33 2
5 46 37 1
5 47 33 1
5 47 34 2
5 47 38 1
5 48 34 1
5 48 35 2
5 48 39 1
5 49 35 1
5 49 36 2
5 49 40 1
5 50 36 1
5 50 37 2
5 50 41 1
5 51 37 1
5 51 38 2
5 51 42 1
5 52 38 1
5 52 39 2
5 52 43 1
5 53 39 1
5 53 40 2
5 53 44 1
5 54 40 1
5 54 41 2
5 54 45 1
5 55 41 1
5 55 42 2
5 55 46 1
5 56 42 1
5 56 43 2
5 56 47 1
5 57 43 1
5 57 44 2
5 57 48 1
5 58 44 1
5 58 45 2
5 58 49 1
5 59 45 1
5 59 46 2
5 59 50 1
5 60 46 1
5 60 47 2
5 60 51 1
5 61 47 1
5 61 48 2
5 61 52 1
5 62 48 1
5 62 49 2
5 62 53 1
5 63 49 1
5 63 50 2
5 63 54 1
5 64 50 1
5 64 51 2
5 64 55 1
5 65 51 1
5 65 52 2
5 65 56 1
5 66 52 1
5 66 53 2
5 66 57 1
5 67 53 1
5 67 54 2
5 67 58 1
5 68 54 1
5 68 55 2
5 68 59 1
5 69 55 1
5 69 56 2
5 69 60 1
5 70 56 1
5 70 57 2
5 70 61 1
5 71 57 1
5 71 58 2
5 71 62 1
5 72 58 1
5 72 59 2
5 72 63 1
5 73 59 1
5 73 60 2
5 73 64 1
5 74 60 1
5 74 61 2
5 74 65 1
5 75 61 1
5 75 62 2
5 75 66 1
5 76 62 1
5 76 63 2
5 76 67 1
5 77 63 1
5 77 64 2
5 77 68 1
5 78 64 1
5 78 65 2
5 78 69 1
5 79 65 1
5 79 66 2
5 79 70 1
5 80 66 1
5 80 67 2
5 80 71 1
5 81 67 1
5 81 68 2
5 81 72 1
5 82 68 1
5 82 69 2
5 82 73 1
5 83 69 1
5 83 70 2
5 83 74 1
5 84 70 1
5 84 71 2
5 84 75 1
5 85 71 1
5 85 72 2
5 85 76 1
5 86 72 1
5 86 73 2
5 86 77 1
5 87 73 1
5 87 74 2
5 87 78 1
5 88 74 1
5 88 75 2
5 88 79 1
5 89 75 1
5 89 76 2
5 89 80 1
5 90 76 1
5 90 77 2
5 90 81 1
5 91 77 1
5 91 78 2
5 91 82 1
5 92 78 1
5 92 79 2
5 92 83 1
5 93 79 1
5 93 80 2
5 93 84 1
5 94 80 1
5 94 81 2
5 94 85 1
5 95 81 1
5 95 82 2
5 95 86 1
5 96 82 1
5 96 83 2
5 96 87 1
5 97 83 1
5 97 84 2
5 97 88 1
5 98 84 1
5 98 85 2
5 98 89 1
5 99 85 1
5 99 86 2
5 99 90 1
5 100 86 1
5 100 87 2
5 100 91 1
5 101 87 1
5 101 88 2
5 101 92 1
5 102 88 1
5 102 89 2
5 102 93 1
5 103 89 1
5 103 90 2
5 103 94 1
5 104 90 1
5 104 91 2
5 104 95 1
5 105 91 1
5 105 92 2
5 105 96 1
5 106 92 1
5 106 93 2
5 106 97 1
5 107 93 1
5 107 94 2
5 107 98 1
5 108 94 1
5 108 95 2
5 108 99 1
5 109 95 1
5 109 96 2
5 109 100 1
5 110 96 1
5 110 97 2
5 110 101 1
5 111 97 1
5 111 98 2
5 111 102 1
5 112 98 1
5 112 99 2
5 112 103 1
5 113 99 1
5 113 100 2
5 113 104 1
5 114 100 1
5 114 101 2
5 114 105 1
5 115 101 1
5 115 102 2
5 115 106 1
5 116 102 1
5 116 103 2
5 116 107 1
5 117 103 1
5 117 104 2
5 117 108 1
5 118 104 1
5 118 105 2
5 118 109 1
5 119 105 1
5 119 106 2
5 119 110 1
5 120 106 1
5 120 107 2
5 120 111 1
5 121 107 1
5 121 108 2
5 121 112 1
5 122 108 1
5 122 109 2
5 122 113 1
5 123 109 1
5 123 110 2
5 123 114 1
5 124 110 1
5 124 111 2
5 124 115 1
5 125 111 1
5 125 112 2
5 125 116 1
5 126 112 1
5 126 113 2
5 126 117 1
5 127 113 1
5 127 114 2
5 127 118 1
5 128 114 1
5 128 115 2
5 128 119 1
5 129 115 1
5 129 116 2
5 129 120 1
5 130 116 1
5 130 117 2
5 130 121 1
5 131 117 1
5 131 118 2
5 131 122 1
5 132 118 1
5 132 119 2
5 132 123 1
5 133 119 1
5 133 120 2
5 133 124 1
5 134 120 1
5 134 121 2
5 134 125 1
5 135 121 1
5 135 122 2
5 135 126 1
5 136 122 1
5 136 123 2
5 136 127 1
5 137 123 1
5 137 124 2
5 137 128 1
5 138 124 1
5 138 125 2
5 138 129 1
5 139 125 1
5 139 126 2
5 139 130 1
5 140 126 1
5 140 127 2
5 140 131 1
5 141 127 1
5 141 128 2
5 141 132 1
5 142 128 1
5 142 129 2
5 142 133 1
5 143 129 1
5 143 130 2
5 143 134 1
5 144 130 1
5 144 131 2
5 144 135 1
5 145 131 1
5 145 132 2
5 145 136 1
5 146 132 1
5 146 133 2
5 146 137 1
5 147 133 1
5 147 134 2
5 147 138 1
5 148 134 1
5 148 135 2
5 148 139 1
5 149 135 1
5 149 136 2
5 149 140 1
5 150 136 1
5 150 137 2
5 150 141 1
5 151 137 1
5 151 138 2
5 151 142 1
5 152 138 1
5 152 139 2
5 152 143 1
5 153 139 1
5 153 140 2
5 153 144 1
5 154 140 1
5 154 141 2
5 154 145 1
5 155 141 1
5 155 142 2
5 155 146 1
5 156 142 1
5 156 143 2
5 156 147 1
5 157 143 1
5 157 144 2
5 157 148 1
5 158 144 1
5 158 145 2
5 158 149 1
5 159 145 1
5 159 146 2
5 159 150 1
5 160 146 1
5 160 147 2
5 160 151 1
5 161 147 1
5 161 148 2
5 161 152 1
5 162 148 1
5 162 149 2
5 162 153 1
5 163 149 1
5 163 150 2
5 163 154 1
5 164 150 1
5 164 151 2
5 164 155 1
5 165 151 1
5 165 152 2
5 165 156 1
5 166 152 1
5 166 153 2
5 166 157 1
5 167 153 1
5 167 154 2
5 167 158 1
5 168 154 1
5 168 155 2
5 168 159 1
5 169 155 1
5 169 156 2
5 169 160 1
5 170 156 1
5 170 157 2
5 170 161 1
5 171 157 1
5 171 158 2
5 171 162 1
5 172 158 1
5 172 159 2
5 172 163 1
5 173 159 1
5 173 160 2
5 173 164 1
5 174 160 1
5 174 161 2
5 174 165 1
5 175 161 1
5 175 162 2
5 175 166 1
5 176 162 1
5 176 163 2
5 176 167 1
5 177 163 1
5 177 164 2
5 177 168 1
5 178 164 1
5 178 165 2
5 178 169 1
5 179 165 1
5 179 166 2
5 179 170 1
5 180 166 3
5 180 167 1
5 181 167 3
5 181 168 1
5 182 168 3
5 182 169 1
5 183 169 3
5 183 170 1
5 184 170 3
5 184 171 1
5 185 171 3
5 185 172 1
5 186 172 3
5 186 173 1
5 187 173 3
5 187 174 1
5 188 174 3
5 188 175 1
5 189 175 3
5 189 176 1
5 190 176 3
5 190 177 1
5 191 177 3
5 191 178 1
5 192 178 3
5 192 179 1
5 193 179 3
5 193 180 1
5 194 180 3
5 194 181 1
5 195 181 3
5 195 182 1
5 196 182 3
5 196 183 1
5 197 183 3
5 197 184 1
5 198 184 3
5 198 185 1
5 199 185 3
5 199 186 1
5 200 186 3
5 200 187 1
5 201 187 3
5 201 188 1
5 202 188 3
5 202 189 1
5 203 189 3
5 203 190 1
5 204 190 3
5 204 191 1
5 205 191 3
5 205 192 1
5 206 192 3
5 206 193 1
5 207 193 3
5 207 194 1
5 208 194 3
5 208 195 1
5 209 195 3
5 209 196 1
5 210 196 3
5 210 197 1
5 211 197 3
5 211 198 1
5 212 198 3
5 212 199 1
5 213 199 3
5 213 200 1
5 214 200 3
5 214 201 1
5 215 201 3
5 215 202 1
5 216 202 3
5 216 203 1
5 217 203 3
5 217 204 1
5 218 204 3
5 218 205 1
5 219 205 3
5 219 206 1
5 220 206 3
5 220 207 1
5 221 207 3
5 221 208 1
5 222 208 3
5 222 209 1
5 223 209 3
5 223 210 1
5 224 210 3
5 224 211 1
5 225 211 3
5 225 212 1
5 226 212 3
5 226 213 1
5 227 213 3
5 227 214 1
5 228 214 3
5 228 215 1
5 229 215 3
5 229 216 1
5 230 216 3
5 230 217 1
5 231 217 3
5 231 218 1
5 232 218 3
5 232 219 1
5 233 219 3
5 233 220 1
5 234 220 3
5 234 221 1
5 235 221 3
5 235 222 1
5 236 222 3
5 236 223 1
5 237 223 3
5 237 224 1
5 238 224 3
5 238 225 1
5 239 225 3
5 239 226 1
5 240 226 3
5 240 227 1
5 241 227 3
5 241 228 1
5 242 228 3
5 242 229 1
5 243 229 3
5 243 230 1
5 244 230 3
5 244 231 1
5 245 231 3
5 245 232 1
5 246 232 3
5 246 233 1
5 247 233 3
5 247 234 1
5 248 234 3
5 248 235 1
5 249 235 3
5 249 236 1
5 250 236 3
5 250 237 1
5 251 237 3
5 251 238 1
5 252 238 3
5 252 239 1
5 253 239 3
5 253 240 1
5 254 240 3
5 254 241 1
5 255 241 3
5 255 242 1
5 256 242 3
5 256 243 1
5 257 243 3
5 257 244 1
5 258 244 3
5 258 245 1
5 259 245 3
5 259 246 1
5 260 246 3
5 260 247 1
5 261 247 3
5 261 248 1
5 262 248 3
5 262 249 1
5 263 249 3
5 263 250 1
5 264 250 3
5 264 251 1
5 265 251 3
5 265 252 1
5 266 252 3
5 266 253 1
5 267 253 3
5 267 254 1
5 268 254 3
5 268 255 1
5 269 255 3
5 269 256 1
5 270 256 3
5 270 257 1
5 271 257 3
5 271 258 1
5 272 258 3
5 272 259 1
5 273 259 3
5 273 260 1
5 274 260 3
5 274 261 1
5 275 261 3
5 275 262 1
5 276 262 3
5 276 263 1
5 277 263 3
5 277 264 1
5 278 264 3
5 278 265 1
5 279 265 3
5 279 266 1
5 280 266 3
5 280 267 1
5 281 267 3
5 281 268 1
5 282 268 3
5 282 269 1
5 283 269 3
5 283 270 1
5 284 270 3
5 284 271 1
5 285 271 3
5 285 272 1
5 286 272 3
5 286 273 1
5 287 273 3
5 287 274 1
5 288 274 3
5 288 275 1
5 289 275 3
5 289 276 1
5 290 276 3
5 290 277 1
5 291 277 3
5 291 278 1
5 292 278 3
5 292 279 1
5 293 279 3
5 293 280 1
5 294 280 3
5 294 281 1
5 295 281 3
5 295 282 1
5 296 282 3
5 296 283 1
5 297 283 3
5 297 284 1
5 298 284 3
5 298 285 1
5 299 285 3
5 299 286 1
5 300 286 3
5 300 287 1
5 301 287 3
5 301 288 1
5 302 288 3
5 302 289 1
5 303 289 3
5 303 290 1
5 304 290 3
5 304 291 1
5 305 291 3
5 305 292 1
5 306 292 3
5 306 293 1
5 307 293 3
5 307 294 1
5 308 294 3
5 308 295 1
5 309 295 3
5 309 296 1
5 310 296 3
5 310 297 1
5 311 297 3
5 311 298 1
5 312 298 3
5 312 299 1
5 313 299 3
5 313 300 1
5 314 300 3
5 314 301 1
5 315 301 3
5 315 302 1
5 316 302 3
5 316 303 1
5 317 303 3
5 317 304 1
5 318 304 3
5 318 305 1
5 319 305 3
5 319 306 1
5 320 306 3
5 320 307 1
5 321 307 3
5 321 308 1
5 322 308 3
5 322 309 1
5 323 309 3
5 323 310 1
5 324 310 3
5 324 311 1
5 325 311 3
5 325 312 1
5 326 312 3
5 326 313 1
5 327 313 3
5 327 314 1
5 328 314 3
5 328 315 1
5 329 315 3
5 329 316 1
5 330 315 2
5 330 316 2
5 331 316 2
5 331 317 2
5 332 317 2
5 332 318 2
5 333 318 2
5 333 319 2
5 334 319 2
5 334 320 2
5 335 320 2
5 335 321 2
5 336 321 2
5 336 322 2
5 337 322 2
5 337 323 2
5 338 323 2
5 338 324 2
5 339 324 2
5 339 325 2
5 340 325 2
5 340 326 2
5 341 326 2
5 341 327 2
5 342 327 2
5 342 328 2
5 343 328 2
5 343 329 2
5 344 329 2
5 344 330 2
5 345 330 2
5 345 331 2
5 346 331 2
5 346 332 2
5 347 332 2
5 347 333 2
5 348 333 2
5 348 334 2
5 349 334 2
5 349 335 2
5 350 335 2
5 350 336 2
5 351 336 2
5 351 337 2
5 352 337 3
5 352 338 1
5 353 338 3
5 353 339 1
5 354 339 3
5 354 340 1
5 355 340 3
5 355 341 1
5 356 341 3
5 356 342 1
5 357 342 3
5 357 343 1
5 358 343 3
5 358 344 1
5 359 344 3
5 359 345 1
6 0 15 1
6 1 16 1
6 2 17 1
6 3 18 1
6 4 19 1
6 5 20 1
6 6 21 1
6 7 22 1
6 8 0 2
6 9 0 2
6 10 0 2
6 11 0 2
6 12 0 1
6 12 1 1
6 13 0 1
6 13 2 1
6 14 0 1
6 14 3 1
6 15 1 1
6 15 4 1
6 16 2 1
6 16 5 1
6 17 3 1
6 17 6 1
6 18 4 1
6 18 7 1
6 19 5 1
6 19 8 1
6 20 6 1
6 20 9 1
6 21 7 1
6 21 10 1
6 22 8 1
6 22 11 1
6 23 9 1
6 23 12 1
6 24 10 1
6 24 13 1
6 25 11 1
6 25 14 1
6 26 12 1
6 26 15 1
6 27 13 1
6 27 16 1
6 28 14 1
6 28 17 1
6 29 15 1
6 29 18 1
6 30 16 1
6 30 17 1
6 31 17 1
6 31 18 1
6 32 18 1
6 32 19 1
6 33 19 1
6 33 20 1
6 34 20 1
6 34 21 1
6 35 21 1
6 35 22 1
6 36 22 1
6 36 23 1
6 37 23 1
6 37 24 1
6 38 24 1
6 38 25 1
6 39 25 1
6 39 26 1
6 40 26 1
6 40 27 1
6 41 27 1
6 41 28 1
6 42 28 1
6 42 29 1
6 43 29 1
6 43 30 1
6 44 30 1
6 44 31 1
6 45 31 1
6 45 32 1
6 46 32 1
6 46 33 1
6 47 33 1
6 47 34 1
6 48 34 1
6 48 35 1
6 49 35 1
6 49 36 1
6 50 36 1
6 50 37 1
6 51 37 1
6 51 38 1
6 52 38 1
6 52 39 1
6 53 39 1
6 53 40 1
6 54 40 1
6 54 41 1
6 55 41 1
6 55 42 1
6 56 42 1
6 56 43 1
6 57 43 1
6 57 44 1
6 58 44 1
6 58 45 1
6 59 45 1
6 59 46 1
6 60 46 1
6 60 47 1
6 61 47 1
6 61 48 1
6 62 48 1
6 62 49 1
6 63 49 1
6 63 50 1
6 64 50 1
6 64 51 1
6 65 51 1
6 65 52 1
6 66 52 1
6 66 53 1
6 67 53 1
6 67 54 1
6 68 54 1
6 68 55 1
6 69 55 1
6 69 56 1
6 70 56 1
6 70 57 1
6 71 57 1
6 71 58 1
6 72 58 1
6 72 59 1
6 73 59 1
6 73 60 1
6 74 60 1
6 74 61 1
6 75 61 1
6 75 62 1
6 76 62 1
6 76 63 1
6 77 63 1
6 77 64 1
6 78 64 1
6 78 65 1
6 79 65 1
6 79 66 1
6 80 66 1
6 80 67 1
6 81 67 1
6 81 68 1
6 82 68 1
6 82 69 1
6 83 69 1
6 83 70 1
6 84 70 1
6 84 71 1
6 85 71 1
6 85 72 1
6 86 72 1
6 86 73 1
6 87 73 1
6 87 74 1
6 88 74 1
6 88 75 1
6 89 75 1
6 89 76 1
6 90 76 1
6 90 77 1
6 91 77 1
6 91 78 1
6 92 78 1
6 92 79 1
6 93 79 1
6 93 80 1
6 94 80 1
6 94 81 1
6 95 81 1
6 95 82 1
6 96 82 1
6 96 83 1
6 97 83 1
6 97 84 1
6 98 84 1
6 98 85 1
6 99 85 1
6 99 86 1
6 100 86 1
6 100 87 1
6 101 87 1
6 101 88 1
6 102 88 1
6 102 89 1
6 103 89 1
6 103 90 1
6 104 90 1
6 104 91 1
6 105 91 1
6 105 92 1
6 106 92 1
6 106 93 1
6 107 93 1
6 107 94 1
6 108 94 1
6 108 95 1
6 109 95 1
6 109 96 1
6 110 96 1
6 110 97 1
6 111 97 1
6 111 98 1
6 112 98 1
6 112 99 1
6 113 99 1
6 113 100 1
6 114 100 1
6 114 101 1
6 115 101 1
6 115 102 1
6 116 102 1
6 116 103 1
6 117 103 1
6 117 104 1
6 118 104 1
6 118 105 1
6 119 105 1
6 119 106 1
6 120 106 1
6 120 107 1
6 121 107 1
6 121 108 1
6 122 108 1
6 122 109 1
6 123 109 1
6 123 110 1
6 124 110 1
6 124 111 1
6 125 111 1
6 125 112 1
6 126 112 1
6 126 113 1
6 127 113 1
6 127 114 1
6 128 114 1
6 128 115 1
6 129 115 1
6 129 116 1
6 130 116 1
6 130 117 1
6 131 117 1
6 131 118 1
6 132 118 1
6 132 119 1
6 133 119 1
6 133 120 1
6 134 120 1
6 134 121 1
6 135 121 1
6 135 122 1
6 136 122 1
6 136 123 1
6 137 123 1
6 137 124 1
6 138 124 1
6 138 125 1
6 139 125 1
6 139 126 1
6 140 126 1
6 140 127 1
6 141 127 1
6 141 128 1
6 142 128 1
6 142 129 1
6 143 129 1
6 143 130 1
6 144 130 1
6 144 131 1
6 145 131 1
6 145 132 1
6 146 132 1
6 146 133 1
6 147 133 1
6 147 134 1
6 148 134 1
6 148 135 1
6 149 135 1
6 149 136 1
6 150 136 1
6 150 137 1
6 151 137 1
6 151 138 1
6 152 138 1
6 152 139 1
6 153 139 1
6 153 140 1
6 154 140 1
6 154 141 1
6 155 141 1
6 155 142 1
6 156 142 1
6 156 143 1
6 157 143 1
6 157 144 1
6 158 144 1
6 158 145 1
6 159 145 1
6 159 146 1
6 160 146 1
6 160 147 1
6 161 147 1
6 161 148 1
6 162 148 1
6 162 149 1
6 163 149 1
6 163 150 1
6 164 150 1
6 164 151 1
6 165 151 1
6 165 152 1
6 166 152 1
6 166 153 1
6 167 153 1
6 167 154 1
6 168 154 1
6 168 155 1
6 169 155 1
6 169 156 1
6 170 156 1
6 170 157 1
6 171 157 1
6 171 158 1
6 172 158 1
6 172 159 1
6 173 159 1
6 173 160 1
6 174 160 1
6 174 161 1
6 175 161 1
6 175 162 1
6 176 162 1
6 176 163 1
6 177 163 1
6 177 164 1
6 178 164 1
6 178 165 1
6 179 165 1
6 179 166 1
6 180 166 2
6 181 167 2
6 182 168 2
6 183 169 2
6 184 170 2
6 185 171 2
6 186 172 2
6 187 173 2
6 188 174 2
6 189 175 2
6 190 176 2
6 191 177 2
6 192 178 2
6 193 179 2
6 194 180 2
6 195 181 2
6 196 182 2
6 197 183 2
6 198 184 2
6 199 185 2
6 200 186 2
6 201 187 2
6 202 188 2
6 203 189 2
6 204 190 2
6 205 191 2
6 206 192 2
6 207 193 2
6 208 194 2
6 209 195 2
6 210 196 2
6 211 197 2
6 212 198 2
6 213 199 2
6 214 200 2
6 215 201 2
6 216 202 2
6 217 203 2
6 218 204 2
6 219 205 2
6 220 206 2
6 221 207 2
6 222 208 2
6 223 209 2
6 224 210 2
6 225 211 2
6 226 212 2
6 227 213 2
6 228 214 2
6 229 215 2
6 230 216 2
6 231 217 2
6 232 218 2
6 233 219 2
6 234 220 2
6 235 221 2
6 236 222 2
6 237 223 2
6 238 224 2
6 239 225 2
6 240 226 2
6 241 227 2
6 242 228 2
6 243 229 2
6 244 230 2
6 245 231 2
6 246 232 2
6 247 233 2
6 248 234 2
6 249 235 2
6 250 236 2
6 251 237 2
6 252 238 2
6 253 239 2
6 254 240 2
6 255 241 2
6 256 242 2
6 257 243 2
6 258 244 2
6 259 245 2
6 260 246 2
6 261 247 2
6 262 248 2
6 263 249 2
6 264 250 2
6 265 251 2
6 266 252 2
6 267 253 2
6 268 254 2
6 269 255 2
6 270 256 2
6 271 257 2
6 272 258 2
6 273 259 2
6 274 260 2
6 275 261 2
6 276 262 2
6 277 263 2
6 278 264 2
6 279 265 2
6 280 266 2
6 281 267 2
6 282 268 2
6 283 269 2
6 284 270 2
6 285 271 2
6 286 272 2
6 287 273 2
6 288 274 2
6 289 275 2
6 290 276 2
6 291 277 2
6 292 278 2
6 293 279 2
6 294 280 2
6 295 281 2
6 296 282 2
6 297 283 2
6 298 284 2
6 299 285 2
6 300 286 2
6 301 287 2
6 302 288 2
6 303 289 2
6 304 290 2
6 305 291 2
6 306 292 2
6 307 293 2
6 308 294 2
6 309 295 2
6 310 296 2
6 311 297 2
6 312 298 2
6 313 299 2
6 314 300 2
6 315 301 2
6 316 302 2
6 317 303 2
6 318 304 2
6 319 305 2
6 320 306 2
6 321 307 2
6 322 308 2
6 323 309 2
6 324 310 2
6 325 311 2
6 326 312 2
6 327 313 2
6 328 314 2
6 329 315 2
6 330 315 1
6 330 316 1
6 331 316 1
6 331 317 1
6 332 317 1
6 332 318 1
6 333 318 1
6 333 319 1
6 334 319 1
6 334 320 1
6 335 320 1
6 335 321 1
6 336 321 1
6 336 322 1
6 337 322 1
6 337 323 1
6 338 323 1
6 338 324 1
6 339 324 1
6 339 325 1
6 340 325 1
6 340 326 1
6 341 326 1
6 341 327 1
6 342 327 1
6 342 328 1
6 343 328 1
6 343 329 1
6 344 329 1
6 344 330 1
6 345 330 1
6 345 331 1
6 346 331 1
6 346 332 1
6 347 332 1
6 347 333 1
6 348 333 1
6 348 334 1
6 349 334 1
6 349 335 1
6 350 335 1
6 350 336 1
6 351 336 1
6 351 337 1
6 352 337 1
6 352 338 1
6 353 338 1
6 353 339 1
6 354 339 1
6 354 340 1
6 355 340 1
6 355 341 1
6 356 341 1
6 356 342 1
6 357 342 1
6 357 343 1
6 358 343 1
6 358 344 1
6 359 344 1
6 359 345 1
7 0 15 1
7 1 16 1
7 2 17 1
7 3 18 1
7 4 19 1
7 5 20 1
7 6 21 1
7 7 22 1
7 8 0 1
7 9 0 1
7 10 0 1
7 11 0 1
7 12 0 1
7 13 0 1
7 14 0 1
7 15 1 1
7 16 2 1
7 17 3 1
7 18 4 1
7 19 5 1
7 20 6 1
7 21 7 1
7 22 8 1
7 23 9 1
7 24 10 1
7 25 11 1
7 26 12 1
7 27 13 1
7 28 14 1
7 29 15 1
7 30 16 1
7 31 17 1
7 32 18 1
7 33 19 1
7 34 20 1
7 35 21 1
7 36 22 1
7 37 23 1
7 38 24 1
7 39 25 1
7 40 26 1
7 41 27 1
7 42 28 1
7 43 29 1
7 44 30 1
7 45 31 1
7 46 32 1
7 47 33 1
7 48 34 1
7 49 35 1
7 50 36 1
7 51 37 1
7 52 38 1
7 53 39 1
7 54 40 1
7 55 41 1
7 56 42 1
7 57 43 1
7 58 44 1
7 59 45 1
7 60 46 1
7 61 47 1
7 62 48 1
7 63 49 1
7 64 50 1
7 65 51 1
7 66 52 1
7 67 53 1
7 68 54 1
7 69 55 1
7 70 56 1
7 71 57 1
7 72 58 1
7 73 59 1
7 74 60 1
7 75 61 1
7 76 62 1
7 77 63 1
7 78 64 1
7 79 65 1
7 80 66 1
7 81 67 1
7 82 68 1
7 83 69 1
7 84 70 1
7 85 71 1
7 86 72 1
7 87 73 1
7 88 74 1
7 89 75 1
7 90 76 1
7 91 77 1
7 92 78 1
7 93 79 1
7 94 80 1
7 95 81 1
7 96 82 1
7 97 83 1
7 98 84 1
7 99 85 1
7 100 86 1
7 101 87 1
7 102 88 1
7 103 89 1
7 104 90 1
7 105 91 1
7 106 92 1
7 107 93 1
7 108 94 1
7 109 95 1
7 110 96 1
7 111 97 1
7 112 98 1
7 113 99 1
7 114 100 1
7 115 101 1
7 116 102 1
7 117 103 1
7 118 104 1
7 119 105 1
7 120 106 1
7 121 107 1
7 122 108 1
7 123 109 1
7 124 110 1
7 125 111 1
7 126 112 1
7 127 113 1
7 128 114 1
7 129 115 1
7 130 116 1
7 131 117 1
7 132 118 1
7 133 119 1
7 134 120 1
7 135 121 1
7 136 122 1
7 137 123 1
7 138 124 1
7 139 125 1
7 140 126 1
7 141 127 1
7 142 128 1
7 143 129 1
7 144 130 1
7 145 131 1
7 146 132 1
7 147 133 1
7 148 134 1
7 149 135 1
7 150 136 1
7 151 137 1
7 152 138 1
7 153 139 1
7 154 140 1
7 155 141 1
7 156 142 1
7 157 143 1
7 158 144 1
7 159 145 1
7 160 146 1
7 161 147 1
7 162 148 1
7 163 149 1
7 164 150 1
7 165 151 1
7 166 152 1
7 167 153 1
7 168 154 1
7 169 155 1
7 170 156 1
7 171 157 1
7 172 158 1
7 173 159 1
7 174 160 1
7 175 161 1
7 176 162 1
7 177 163 1
7 178 164 1
7 179 165 1
7 180 166 1
7 181 167 1
7 182 168 1
7 183 169 1
7 184 170 1
7 185 171 1
7 186 172 1
7 187 173 1
7 188 174 1
7 189 175 1
7 190 176 1
7 191 177 1
7 192 178 1
7 193 179 1
7 194 180 1
7 195 181 1
7 196 182 1
7 197 183 1
7 198 184 1
7 199 185 1
7 200 186 1
7 201 187 1
7 202 188 1
7 203 189 1
7 204 190 1
7 205 191 1
7 206 192 1
7 207 193 1
7 208 194 1
7 209 195 1
7 210 196 1
7 211 197 1
7 212 198 1
7 213 199 1
7 214 200 1
7 215 201 1
7 216 202 1
7 217 203 1
7 218 204 1
7 219 205 1
7 220 206 1
7 221 207 1
7 222 208 1
7 223 209 1
7 224 210 1
7 225 211 1
7 226 212 1
7 227 213 1
7 228 214 1
7 229 215 1
7 230 216 1
7 231 217 1
7 232 218 1
7 233 219 1
7 234 220 1
7 235 221 1
7 236 222 1
7 237 223 1
7 238 224 1
7 239 225 1
7 240 226 1
7 241 227 1
7 242 228 1
7 243 229 1
7 244 230 1
7 245 231 1
7 246 232 1
7 247 233 1
7 248 234 1
7 249 235 1
7 250 236 1
7 251 237 1
7 252 238 1
7 253 239 1
7 254 240 1
7 255 241 1
7 256 242 1
7 257 243 1
7 258 244 1
7 259 245 1
7 260 246 1
7 261 247 1
7 262 248 1
7 263 249 1
7 264 250 1
7 265 251 1
7 266 252 1
7 267 253 1
7 268 254 1
7 269 255 1
7 270 256 1
7 271 257 1
7 272 258 1
7 273 259 1
7 274 260 1
7 275 261 1
7 276 262 1
7 277 263 1
7 278 264 1
7 279 265 1
7 280 266 1
7 281 267 1
7 282 268 1
7 283 269 1
7 284 270 1
7 285 271 1
7 286 272 1
7 287 273 1
7 288 274 1
7 289 275 1
7 290 276 1
7 291 277 1
7 292 278 1
7 293 279 1
7 294 280 1
7 295 281 1
7 296 282 1
7 297 283 1
7 298 284 1
7 299 285 1
7 300 286 1
7 301 287 1
7 302 288 1
7 303 289 1
7 304 290 1
7 305 291 1
7 306 292 1
7 307 293 1
7 308 294 1
7 309 295 1
7 310 296 1
7 311 297 1
7 312 298 1
7 313 299 1
7 314 300 1
7 315 301 1
7 316 302 1
7 317 303 1
7 318 304 1
7 319 305 1
7 320 306 1
7 321 307 1
7 322 308 1
7 323 309 1
7 324 310 1
7 325 311 1
7 326 312 1
7 327 313 1
7 328 314 1
7 329 315 1
7 330 316 1
7 331 317 1
7 332 318 1
7 333 319 1
7 334 320 1
7 335 321 1
7 336 322 1
7 337 323 1
7 338 324 1
7 339 325 1
7 340 326 1
7 341 327 1
7 342 328 1
7 343 329 1
7 344 330 1
7 345 331 1
7 346 332 1
7 347 333 1
7 348 334 1
7 349 335 1
7 350 336 1
7 351 337 1
7 352 338 1
7 353 339 1
7 354 340 1
7 355 341 1
7 356 342 1
7 357 343 1
7 358 344 1
7 359 345 1