7 360 7383
0 0 12 1
0 1 13 1
0 2 14 1
0 3 15 1
0 4 16 1
0 5 17 1
0 6 18 1
0 7 19 1
0 8 20 1
0 9 21 1
0 10 22 1
0 11 23 1
0 12 24 1
0 13 25 1
0 14 26 1
0 15 27 1
0 16 28 1
0 17 29 1
0 18 30 1
0 19 31 1
0 20 32 1
0 21 33 1
0 22 34 1
0 23 35 1
0 24 36 1
0 25 37 1
0 26 38 1
0 27 39 1
0 28 40 1
0 29 41 1
0 30 42 1
0 31 43 1
0 32 44 1
0 33 45 1
0 34 46 1
0 35 47 1
0 36 48 1
0 37 49 1
0 38 50 1
0 39 51 1
0 40 52 1
0 41 53 1
0 42 54 1
0 43 55 1
0 44 56 1
0 45 57 1
0 46 58 1
0 47 59 1
0 48 60 1
0 49 61 1
0 50 62 1
0 51 63 1
0 52 64 1
0 53 65 1
0 54 66 1
0 55 67 1
0 56 68 1
0 57 69 1
0 58 70 1
0 59 71 1
0 60 72 1
0 61 73 1
0 62 74 1
0 63 75 1
0 64 76 1
0 65 77 1
0 66 78 1
0 67 79 1
0 68 80 1
0 69 81 1
0 70 82 1
0 71 83 1
0 72 84 1
0 73 85 1
0 74 86 1
0 75 87 1
0 76 88 1
0 77 89 1
0 78 90 1
0 79 91 1
0 80 92 1
0 81 93 1
0 82 94 1
0 83 95 1
0 84 68 1
0 84 96 1
0 85 69 1
0 85 97 1
0 86 70 1
0 86 98 1
0 87 71 1
0 87 99 1
0 88 72 1
0 88 100 1
0 89 73 1
0 89 101 1
0 90 74 1
0 90 102 1
0 91 75 1
0 91 103 1
0 92 76 1
0 92 104 1
0 93 77 1
0 93 105 1
0 94 78 1
0 94 106 1
0 95 79 1
0 95 107 1
0 96 80 1
0 96 108 1
0 97 81 1
0 97 109 1
0 98 82 1
0 98 110 1
0 99 83 1
0 99 111 1
0 100 84 1
0 100 112 1
0 101 85 1
0 101 113 1
0 102 86 1
0 102 114 1
0 103 87 1
0 103 115 1
0 104 88 1
0 104 116 1
0 105 89 1
0 105 117 1
0 106 90 1
0 106 118 1
0 107 91 1
0 107 119 1
0 108 92 1
0 108 120 1
0 109 93 1
0 109 121 1
0 110 94 1
0 110 122 1
0 111 95 1
0 111 123 1
0 112 96 1
0 112 124 1
0 113 97 1
0 113 125 1
0 114 98 1
0 114 126 1
0 115 99 1
0 115 127 1
0 116 100 1
0 116 128 1
0 117 101 1
0 117 129 1
0 118 102 1
0 118 130 1
0 119 103 1
0 119 131 1
0 120 104 1
0 120 132 1
0 121 105 1
0 121 133 1
0 122 106 1
0 122 134 1
0 123 107 1
0 123 135 1
0 124 108 1
0 124 136 1
0 125 109 1
0 125 137 1
0 126 110 1
0 126 138 1
0 127 111 1
0 127 139 1
0 128 112 1
0 128 140 1
0 129 113 1
0 129 141 1
0 130 114 1
0 130 142 1
0 131 115 1
0 131 143 1
0 132 116 1
0 132 144 1
0 133 117 1
0 133 145 1
0 134 118 1
0 134 146 1
0 135 119 1
0 135 147 1
0 136 120 1
0 136 148 1
0 137 121 1
0 137 149 1
0 138 122 1
0 138 150 1
0 139 123 1
0 139 151 1
0 140 124 1
0 140 152 1
0 141 125 1
0 141 153 1
0 142 126 1
0 142 154 1
0 143 127 1
0 143 155 1
0 144 128 1
0 144 156 1
0 145 129 1
0 145 157 1
0 146 130 1
0 146 158 1
0 147 131 1
0 147 159 1
0 148 132 1
0 148 160 1
0 149 133 1
0 149 161 1
0 150 134 1
0 150 162 1
0 151 135 1
0 151 163 1
0 152 136 1
0 152 164 1
0 153 137 1
0 153 165 1
0 154 138 1
0 154 166 1
0 155 139 1
0 155 167 1
0 156 140 1
0 156 168 1
0 157 141 1
0 157 169 1
0 158 142 1
0 158 170 1
0 159 143 1
0 159 171 1
0 160 144 1
0 160 172 1
0 161 145 1
0 161 173 1
0 162 146 1
0 162 174 1
0 163 147 1
0 163 175 1
0 164 148 1
0 164 176 1
0 165 149 1
0 165 177 1
0 166 150 1
0 166 178 1
0 167 151 1
0 167 179 1
0 168 152 1
0 168 180 1
0 169 153 1
0 169 181 1
0 170 154 1
0 170 182 1
0 171 155 1
0 171 183 1
0 172 156 1
0 172 184 1
0 173 157 1
0 173 185 1
0 174 158 1
0 174 186 1
0 175 159 1
0 175 187 1
0 176 160 1
0 176 188 1
0 177 161 1
0 177 189 1
0 178 162 1
0 178 190 1
0 179 163 1
0 179 191 1
0 180 164 1
0 180 192 1
0 181 165 1
0 181 193 1
0 182 166 1
0 182 194 1
0 183 167 1
0 183 195 1
0 184 168 1
0 184 196 1
0 185 169 1
0 185 197 1
0 186 170 1
0 186 198 1
0 187 171 1
0 187 199 1
0 188 172 1
0 188 200 1
0 189 173 1
0 189 201 1
0 190 174 1
0 190 202 1
0 191 175 1
0 191 203 1
0 192 176 1
0 192 204 1
0 193 177 1
0 193 205 1
0 194 178 1
0 194 206 1
0 195 179 1
0 195 207 1
0 196 180 1
0 196 208 1
0 197 181 1
0 197 209 1
0 198 182 1
0 198 210 1
0 199 183 1
0 199 211 1
0 200 184 1
0 200 212 1
0 201 185 1
0 201 213 1
0 202 186 1
0 202 214 1
0 203 187 1
0 203 215 1
0 204 188 1
0 204 216 1
0 205 189 1
0 205 217 1
0 206 190 1
0 206 218 1
0 207 191 1
0 207 219 1
0 208 192 1
0 208 220 1
0 209 193 1
0 209 221 1
0 210 194 1
0 210 222 1
0 211 195 1
0 211 223 1
0 212 196 1
0 212 224 1
0 213 197 1
0 213 225 1
0 214 198 1
0 214 226 1
0 215 199 1
0 215 227 1
0 216 200 1
0 216 228 1
0 217 201 1
0 217 229 1
0 218 202 1
0 218 230 1
0 219 203 1
0 219 231 1
0 220 204 1
0 220 232 1
0 221 205 1
0 221 233 1
0 222 206 1
0 222 234 1
0 223 207 1
0 223 235 1
0 224 208 1
0 224 236 1
0 225 209 1
0 225 237 1
0 226 210 1
0 226 238 1
0 227 211 1
0 227 239 1
0 228 212 1
0 228 240 1
0 229 213 1
0 229 241 1
0 230 214 1
0 230 242 1
0 231 215 1
0 231 243 1
0 232 216 1
0 232 244 1
0 233 217 1
0 233 245 1
0 234 218 1
0 234 246 1
0 235 219 1
0 235 247 1
0 236 220 1
0 236 248 1
0 237 221 1
0 237 249 1
0 238 222 1
0 238 250 1
0 239 223 1
0 239 251 1
0 240 224 1
0 240 252 1
0 241 225 1
0 241 253 1
0 242 226 1
0 242 254 1
0 243 227 1
0 243 255 1
0 244 228 1
0 244 256 1
0 245 229 1
0 245 257 1
0 246 230 1
0 246 258 1
0 247 231 1
0 247 259 1
0 248 232 1
0 248 260 1
0 249 233 1
0 249 261 1
0 250 234 1
0 250 262 1
0 251 235 1
0 251 263 1
0 252 236 1
0 252 264 1
0 253 237 1
0 253 265 1
0 254 238 1
0 254 266 1
0 255 239 1
0 255 267 1
0 256 240 1
0 256 268 1
0 257 241 1
0 257 269 1
0 258 242 1
0 258 270 1
0 259 243 1
0 259 271 1
0 260 244 1
0 260 272 1
0 261 245 1
0 261 273 1
0 262 246 1
0 262 274 1
0 263 247 1
0 263 275 1
0 264 248 1
0 264 276 1
0 265 249 1
0 265 277 1
0 266 250 1
0 266 278 1
0 267 251 1
0 267 279 1
0 268 252 1
0 268 280 1
0 269 253 1
0 269 281 1
0 270 254 1
0 270 282 1
0 271 255 1
0 271 283 1
0 272 256 1
0 272 284 1
0 273 257 1
0 273 285 1
0 274 258 1
0 274 286 1
0 275 259 1
0 275 287 1
0 276 260 1
0 276 288 1
0 277 261 1
0 277 289 1
0 278 262 1
0 278 290 1
0 279 263 1
0 279 291 1
0 280 264 1
0 280 292 1
0 281 265 1
0 281 293 1
0 282 266 1
0 282 294 1
0 283 267 1
0 283 295 1
0 284 268 1
0 284 296 1
0 285 269 1
0 285 297 1
0 286 270 1
0 286 298 1
0 287 271 1
0 287 299 1
0 288 272 1
0 288 300 1
0 289 273 1
0 289 301 1
0 290 274 1
0 290 302 1
0 291 275 1
0 291 303 1
0 292 276 1
0 292 304 1
0 293 277 1
0 293 305 1
0 294 278 1
0 294 306 1
0 295 279 1
0 295 307 1
0 296 280 1
0 296 308 1
0 297 281 1
0 297 309 1
0 298 282 1
0 298 310 1
0 299 283 1
0 299 311 1
0 300 284 1
0 300 312 1
0 301 285 1
0 301 313 1
0 302 286 1
0 302 314 1
0 303 287 1
0 303 315 1
0 304 288 1
0 304 316 1
0 305 289 1
0 305 317 1
0 306 290 1
0 306 318 1
0 307 291 1
0 307 319 1
0 308 292 1
0 308 320 1
0 309 293 1
0 309 321 1
0 310 294 1
0 310 322 1
0 311 295 1
0 311 323 1
0 312 296 1
0 312 324 1
0 313 297 1
0 313 325 1
0 314 298 1
0 314 326 1
0 315 299 1
0 315 327 1
0 316 300 1
0 316 328 1
0 317 301 1
0 317 329 1
0 318 302 1
0 318 330 1
0 319 303 1
0 319 331 1
0 320 304 1
0 320 332 1
0 321 305 1
0 321 333 1
0 322 306 1
0 322 334 1
0 323 307 1
0 323 335 1
0 324 308 1
0 324 336 1
0 325 309 1
0 325 337 1
0 326 310 1
0 326 338 1
0 327 311 1
0 327 339 1
0 328 312 1
0 328 340 1
0 329 313 1
0 329 341 1
0 330 314 1
0 330 342 1
0 331 315 1
0 331 343 1
0 332 316 1
0 332 344 1
0 333 317 1
0 333 345 1
0 334 318 1
0 334 346 1
0 335 319 1
0 335 347 1
0 336 320 1
0 336 348 1
0 337 321 1
0 337 349 1
0 338 322 1
0 338 350 1
0 339 323 1
0 339 351 1
0 340 324 1
0 340 352 1
0 341 325 1
0 341 353 1
0 342 326 1
0 342 354 1
0 343 327 1
0 343 355 1
0 344 328 1
0 344 356 1
0 345 329 1
0 345 357 1
0 346 330 1
0 346 358 1
0 347 331 1
0 347 359 1
0 348 332 1
0 348 359 1
0 349 333 1
0 349 359 1
0 350 334 1
0 350 359 1
0 351 335 1
0 351 359 1
0 352 336 29
0 352 337 98
0 352 338 1
0 353 337 29
0 353 338 98
0 353 339 1
0 354 338 29
0 354 339 98
0 354 340 1
0 355 339 29
0 355 340 98
0 355 341 1
0 356 340 29
0 356 341 98
0 356 342 1
0 357 341 29
0 357 342 98
0 357 343 1
0 358 342 29
0 358 343 98
0 358 344 1
0 359 343 29
0 359 344 98
0 359 345 1
1 0 13 1
1 1 14 1
1 2 15 1
1 3 16 1
1 4 17 1
1 5 18 1
1 6 19 1
1 7 20 1
1 8 0 1
1 8 21 1
1 9 0 1
1 9 22 1
1 10 0 1
1 10 23 1
1 11 0 1
1 11 24 1
1 12 0 1
1 12 25 1
1 13 0 1
1 13 26 1
1 14 0 1
1 14 27 1
1 15 0 1
1 15 28 1
1 16 0 1
1 16 29 1
1 17 1 1
1 17 30 1
1 18 2 1
1 18 31 1
1 19 3 1
1 19 32 1
1 20 4 1
1 20 33 1
1 21 5 1
1 21 34 1
1 22 6 1
1 22 35 1
1 23 7 1
1 23 36 1
1 24 8 1
1 24 37 1
1 25 9 1
1 25 38 1
1 26 10 1
1 26 39 1
1 27 11 1
1 27 40 1
1 28 12 1
1 28 41 1
1 29 13 1
1 29 42 1
1 30 14 1
1 30 43 1
1 31 15 1
1 31 44 1
1 32 16 1
1 32 45 1
1 33 17 1
1 33 46 1
1 34 18 1
1 34 47 1
1 35 19 1
1 35 48 1
1 36 20 1
1 36 49 1
1 37 21 1
1 37 50 1
1 38 22 1
1 38 51 1
1 39 23 1
1 39 52 1
1 40 24 1
1 40 53 1
1 41 25 1
1 41 54 1
1 42 26 1
1 42 55 1
1 43 27 1
1 43 56 1
1 44 28 1
1 44 57 1
1 45 29 1
1 45 58 1
1 46 30 1
1 46 59 1
1 47 31 1
1 47 60 1
1 48 32 1
1 48 61 1
1 49 33 1
1 49 62 1
1 50 34 1
1 50 63 1
1 51 35 1
1 51 64 1
1 52 36 1
1 52 65 1
1 53 37 1
1 53 66 1
1 54 38 1
1 54 67 1
1 55 39 1
1 55 68 1
1 56 40 1
1 56 69 1
1 57 41 1
1 57 70 1
1 58 42 1
1 58 71 1
1 59 43 1
1 59 72 1
1 60 44 1
1 60 73 1
1 61 45 1
1 61 74 1
1 62 46 1
1 62 75 1
1 63 47 1
1 63 76 1
1 64 48 1
1 64 77 1
1 65 49 1
1 65 78 1
1 66 50 1
1 66 79 1
1 67 51 1
1 67 80 1
1 68 52 1
1 68 81 1
1 69 53 1
1 69 82 1
1 70 54 1
1 70 83 1
1 71 55 1
1 71 84 1
1 72 56 1
1 72 85 1
1 73 57 1
1 73 86 1
1 74 58 1
1 74 87 1
1 75 59 1
1 75 88 1
1 76 60 1
1 76 89 1
1 77 61 1
1 77 90 1
1 78 62 1
1 78 91 1
1 79 63 1
1 79 92 1
1 80 64 1
1 80 93 1
1 81 65 1
1 81 94 1
1 82 66 1
1 82 95 1
1 83 67 1
1 83 96 1
1 84 68 1
1 84 97 1
1 85 69 1
1 85 98 1
1 86 70 1
1 86 99 1
1 87 71 1
1 87 100 1
1 88 72 1
1 88 101 1
1 89 73 1
1 89 102 1
1 90 74 1
1 90 103 1
1 91 75 1
1 91 104 1
1 92 76 1
1 92 105 1
1 93 77 1
1 93 106 1
1 94 78 1
1 94 107 1
1 95 79 1
1 95 108 1
1 96 80 1
1 96 109 1
1 97 81 1
1 97 110 1
1 98 82 1
1 98 111 1
1 99 83 1
1 99 112 1
1 100 84 1
1 100 113 1
1 101 85 1
1 101 114 1
1 102 86 1
1 102 115 1
1 103 87 1
1 103 116 1
1 104 88 1
1 104 117 1
1 105 89 1
1 105 118 1
1 106 90 1
1 106 119 1
1 107 91 1
1 107 120 1
1 108 92 1
1 108 121 1
1 109 93 1
1 109 122 1
1 110 94 1
1 110 123 1
1 111 95 1
1 111 124 1
1 112 96 1
1 112 125 1
1 113 97 1
1 113 126 1
1 114 98 1
1 114 127 1
1 115 99 1
1 115 128 1
1 116 100 1
1 116 129 1
1 117 101 1
1 117 130 1
1 118 102 1
1 118 131 1
1 119 103 1
1 119 132 1
1 120 104 1
1 120 133 1
1 121 105 1
1 121 134 1
1 122 106 1
1 122 135 1
1 123 107 1
1 123 136 1
1 124 108 1
1 124 137 1
1 125 109 1
1 125 138 1
1 126 110 1
1 126 139 1
1 127 111 1
1 127 140 1
1 128 112 1
1 128 141 1
1 129 113 1
1 129 142 1
1 130 114 1
1 130 143 1
1 131 115 1
1 131 144 1
1 132 116 1
1 132 145 1
1 133 117 1
1 133 146 1
1 134 118 1
1 134 147 1
1 135 119 1
1 135 148 1
1 136 120 1
1 136 149 1
1 137 121 1
1 137 150 1
1 138 122 1
1 138 151 1
1 139 123 1
1 139 152 1
1 140 124 1
1 140 153 1
1 141 125 1
1 141 154 1
1 142 126 1
1 142 155 1
1 143 127 1
1 143 156 1
1 144 128 1
1 144 157 1
1 145 129 1
1 145 158 1
1 146 130 1
1 146 159 1
1 147 131 1
1 147 160 1
1 148 132 1
1 148 161 1
1 149 133 1
1 149 162 1
1 150 134 1
1 150 163 1
1 151 135 1
1 151 164 1
1 152 136 1
1 152 165 1
1 153 137 1
1 153 166 1
1 154 138 1
1 154 167 1
1 155 139 1
1 155 168 1
1 156 140 1
1 156 169 1
1 157 141 1
1 157 170 1
1 158 142 1
1 158 171 1
1 159 143 1
1 159 172 1
1 160 144 1
1 160 173 1
1 161 145 1
1 161 174 1
1 162 146 1
1 162 175 1
1 163 147 1
1 163 176 1
1 164 148 1
1 164 177 1
1 165 149 1
1 165 178 1
1 166 150 1
1 166 179 1
1 167 151 1
1 167 180 1
1 168 152 1
1 168 181 1
1 169 153 1
1 169 182 1
1 170 154 1
1 170 183 1
1 171 155 1
1 171 184 1
1 172 156 1
1 172 185 1
1 173 157 1
1 173 186 1
1 174 158 1
1 174 187 1
1 175 159 1
1 175 188 1
1 176 160 1
1 176 189 1
1 177 161 1
1 177 190 1
1 178 162 1
1 178 191 1
1 179 163 1
1 179 192 1
1 180 164 1
1 180 193 1
1 181 165 1
1 181 194 1
1 182 166 1
1 182 195 1
1 183 167 1
1 183 196 1
1 184 168 1
1 184 197 1
1 185 169 1
1 185 198 1
1 186 170 1
1 186 199 1
1 187 171 1
1 187 200 1
1 188 172 1
1 188 201 1
1 189 173 1
1 189 202 1
1 190 174 1
1 190 203 1
1 191 175 1
1 191 204 1
1 192 176 1
1 192 205 1
1 193 177 1
1 193 206 1
1 194 178 1
1 194 207 1
1 195 179 1
1 195 208 1
1 196 180 1
1 196 209 1
1 197 181 1
1 197 210 1
1 198 182 1
1 198 211 1
1 199 183 1
1 199 212 1
1 200 184 1
1 200 213 1
1 201 185 1
1 201 214 1
1 202 186 1
1 202 215 1
1 203 187 1
1 203 216 1
1 204 188 1
1 204 217 1
1 205 189 1
1 205 218 1
1 206 190 1
1 206 219 1
1 207 191 1
1 207 220 1
1 208 192 1
1 208 221 1
1 209 193 1
1 209 222 1
1 210 194 1
1 210 223 1
1 211 195 1
1 211 224 1
1 212 196 1
1 212 225 1
1 213 197 1
1 213 226 1
1 214 198 1
1 214 227 1
1 215 199 1
1 215 228 1
1 216 200 1
1 216 229 1
1 217 201 1
1 217 230 1
1 218 202 1
1 218 231 1
1 219 203 1
1 219 232 1
1 220 204 1
1 220 233 1
1 221 205 1
1 221 234 1
1 222 206 1
1 222 235 1
1 223 207 1
1 223 236 1
1 224 208 1
1 224 237 1
1 225 209 1
1 225 238 1
1 226 210 1
1 226 239 1
1 227 211 1
1 227 240 1
1 228 212 1
1 228 241 1
1 229 213 1
1 229 242 1
1 230 214 1
1 230 243 1
1 231 215 1
1 231 244 1
1 232 216 1
1 232 245 1
1 233 217 1
1 233 246 1
1 234 218 1
1 234 247 1
1 235 219 1
1 235 248 1
1 236 220 1
1 236 249 1
1 237 221 1
1 237 250 1
1 238 222 1
1 238 251 1
1 239 223 1
1 239 252 1
1 240 224 1
1 240 253 1
1 241 225 1
1 241 254 1
1 242 226 1
1 242 255 1
1 243 227 1
1 243 256 1
1 244 228 7
1 244 256 1
1 245 229 7
1 245 257 1
1 246 230 7
1 246 258 1
1 247 231 7
1 247 259 1
1 248 232 7
1 248 260 1
1 249 233 7
1 249 261 1
1 250 234 7
1 250 262 1
1 251 235 7
1 251 263 1
1 252 236 7
1 252 264 1
1 253 237 7
1 253 265 1
1 254 238 7
1 254 266 1
1 255 239 7
1 255 267 1
1 256 240 7
1 256 268 1
1 257 241 7
1 257 269 1
1 258 242 7
1 258 270 1
1 259 243 7
1 259 271 1
1 260 244 7
1 260 272 1
1 261 245 7
1 261 273 1
1 262 246 7
1 262 274 1
1 263 247 7
1 263 275 1
1 264 248 7
1 264 276 1
1 265 249 7
1 265 277 1
1 266 250 7
1 266 278 1
1 267 251 7
1 267 279 1
1 268 252 7
1 268 280 1
1 269 253 7
1 269 281 1
1 270 254 7
1 270 282 1
1 271 255 7
1 271 283 1
1 272 256 7
1 272 284 1
1 273 257 7
1 273 285 1
1 274 258 7
1 274 286 1
1 275 259 7
1 275 287 1
1 276 260 7
1 276 288 1
1 277 261 7
1 277 289 1
1 278 262 7
1 278 290 1
1 279 263 7
1 279 291 1
1 280 264 7
1 280 292 1
1 281 265 7
1 281 293 1
1 282 266 7
1 282 294 1
1 283 267 7
1 283 295 1
1 284 268 7
1 284 296 1
1 285 269 7
1 285 297 1
1 286 270 7
1 286 298 1
1 287 271 7
1 287 299 1
1 288 272 7
1 288 300 1
1 289 273 7
1 289 301 1
1 290 274 7
1 290 302 1
1 291 275 7
1 291 303 1
1 292 276 7
1 292 304 1
1 293 277 7
1 293 305 1
1 294 278 7
1 294 306 1
1 295 279 7
1 295 307 1
1 296 280 7
1 296 308 1
1 297 281 7
1 297 309 1
1 298 282 7
1 298 310 1
1 299 283 7
1 299 311 1
1 300 284 7
1 300 312 1
1 301 285 7
1 301 313 1
1 302 286 7
1 302 314 1
1 303 287 7
1 303 315 1
1 304 288 7
1 304 316 1
1 305 289 7
1 305 317 1
1 306 290 7
1 306 318 1
1 307 291 7
1 307 319 1
1 308 292 7
1 308 320 1
1 309 293 7
1 309 321 1
1 310 294 7
1 310 322 1
1 311 295 7
1 311 323 1
1 312 296 7
1 312 324 1
1 313 297 7
1 313 325 1
1 314 298 7
1 314 326 1
1 315 299 7
1 315 327 1
1 316 300 7
1 316 328 1
1 317 301 7
1 317 329 1
1 318 302 7
1 318 330 1
1 319 303 7
1 319 331 1
1 320 304 7
1 320 332 1
1 321 305 7
1 321 333 1
1 322 306 7
1 322 334 1
1 323 307 7
1 323 335 1
1 324 308 7
1 324 336 1
1 325 309 7
1 325 337 1
1 326 310 7
1 326 338 1
1 327 311 7
1 327 339 1
1 328 312 7
1 328 340 1
1 329 313 7
1 329 341 1
1 330 314 7
1 330 342 1
1 331 315 7
1 331 343 1
1 332 316 7
1 332 344 1
1 333 317 7
1 333 345 1
1 334 318 7
1 334 346 1
1 335 319 7
1 335 347 1
1 336 320 7
1 336 348 1
1 337 321 7
1 337 349 1
1 338 322 7
1 338 350 1
1 339 323 7
1 339 351 1
1 340 324 7
1 340 352 1
1 341 325 7
1 341 353 1
1 342 326 7
1 342 354 1
1 343 327 7
1 343 355 1
1 344 328 7
1 344 356 1
1 345 329 7
1 345 357 1
1 346 330 7
1 346 358 1
1 347 331 7
1 347 359 1
1 348 332 7
1 348 359 1
1 349 333 7
1 349 359 1
1 350 334 7
1 350 359 1
1 351 335 7
1 351 359 1
1 352 336 22
1 352 337 42
1 353 337 22
1 353 338 42
1 354 338 22
1 354 339 42
1 355 339 22
1 355 340 42
1 356 340 22
1 356 341 42
1 357 341 22
1 357 342 42
1 358 342 22
1 358 343 42
1 359 343 22
1 359 344 42
2 0 14 1
2 1 15 1
2 2 16 1
2 3 17 1
2 4 18 1
2 5 19 1
2 6 20 1
2 7 21 1
2 8 0 6
2 8 20 1
2 9 0 6
2 9 21 1
2 10 0 6
2 10 22 1
2 11 0 6
2 11 23 1
2 12 0 6
2 12 24 1
2 13 0 6
2 13 25 1
2 14 0 6
2 14 26 1
2 15 0 1
2 15 1 5
2 15 27 1
2 16 0 1
2 16 2 5
2 16 28 1
2 17 1 1
2 17 3 5
2 17 29 1
2 18 2 1
2 18 4 5
2 18 30 1
2 19 3 1
2 19 5 5
2 19 31 1
2 20 4 1
2 20 6 5
2 20 32 1
2 21 5 1
2 21 7 5
2 21 33 1
2 22 6 1
2 22 8 5
2 22 34 1
2 23 7 1
2 23 9 5
2 23 35 1
2 24 8 1
2 24 10 5
2 24 36 1
2 25 9 1
2 25 11 5
2 25 37 1
2 26 10 1
2 26 12 5
2 26 38 1
2 27 11 1
2 27 13 5
2 27 39 1
2 28 12 1
2 28 14 5
2 28 40 1
2 29 13 1
2 29 15 5
2 29 41 1
2 30 14 1
2 30 16 5
2 30 42 1
2 31 15 1
2 31 17 5
2 31 43 1
2 32 16 1
2 32 18 5
2 32 44 1
2 33 17 1
2 33 19 5
2 33 45 1
2 34 18 1
2 34 20 5
2 34 46 1
2 35 19 1
2 35 21 5
2 35 47 1
2 36 20 1
2 36 22 5
2 36 48 1
2 37 21 1
2 37 23 5
2 37 49 1
2 38 22 1
2 38 24 5
2 38 50 1
2 39 23 1
2 39 25 5
2 39 51 1
2 40 24 1
2 40 26 5
2 40 52 1
2 41 25 1
2 41 27 5
2 41 53 1
2 42 26 1
2 42 28 5
2 42 54 1
2 43 27 1
2 43 29 5
2 43 55 1
2 44 28 1
2 44 30 5
2 44 56 1
2 45 29 1
2 45 31 5
2 45 57 1
2 46 30 1
2 46 32 5
2 46 58 1
2 47 31 1
2 47 33 5
2 47 59 1
2 48 32 1
2 48 34 5
2 48 60 1
2 49 33 1
2 49 35 5
2 49 61 1
2 50 34 1
2 50 36 5
2 50 62 1
2 51 35 1
2 51 37 5
2 51 63 1
2 52 36 1
2 52 38 5
2 52 64 1
2 53 37 1
2 53 39 5
2 53 65 1
2 54 38 1
2 54 40 5
2 54 66 1
2 55 39 1
2 55 41 5
2 55 67 1
2 56 40 1
2 56 42 5
2 56 68 1
2 57 41 1
2 57 43 5
2 57 69 1
2 58 42 1
2 58 44 5
2 58 70 1
2 59 43 1
2 59 45 5
2 59 71 1
2 60 44 1
2 60 46 5
2 60 72 1
2 61 45 1
2 61 47 5
2 61 73 1
2 62 46 1
2 62 48 5
2 62 74 1
2 63 47 1
2 63 49 5
2 63 75 1
2 64 48 1
2 64 50 5
2 64 51 10
2 64 73 1
2 65 49 1
2 65 51 5
2 65 52 10
2 65 74 1
2 66 50 1
2 66 52 5
2 66 53 10
2 66 75 1
2 67 51 1
2 67 53 5
2 67 54 10
2 67 76 1
2 68 52 1
2 68 54 5
2 68 55 10
2 68 77 1
2 69 53 1
2 69 55 5
2 69 56 10
2 69 78 1
2 70 54 1
2 70 56 5
2 70 57 10
2 70 79 1
2 71 55 1
2 71 57 5
2 71 58 10
2 71 80 1
2 72 56 1
2 72 58 5
2 72 59 10
2 72 81 1
2 73 57 1
2 73 59 5
2 73 60 10
2 73 82 1
2 74 58 1
2 74 60 5
2 74 61 10
2 74 83 1
2 75 59 1
2 75 61 5
2 75 62 10
2 75 84 1
2 76 60 1
2 76 62 5
2 76 63 10
2 76 85 1
2 77 61 1
2 77 63 5
2 77 64 10
2 77 86 1
2 78 62 1
2 78 64 5
2 78 65 10
2 78 87 1
2 79 63 1
2 79 65 5
2 79 66 10
2 79 88 1
2 80 64 1
2 80 66 5
2 80 67 10
2 80 89 1
2 81 65 1
2 81 67 5
2 81 68 10
2 81 90 1
2 82 66 1
2 82 68 5
2 82 69 10
2 82 91 1
2 83 67 1
2 83 69 5
2 83 70 10
2 83 92 1
2 84 68 1
2 84 70 5
2 84 71 10
2 84 93 1
2 85 69 1
2 85 71 5
2 85 72 10
2 85 94 1
2 86 70 1
2 86 72 5
2 86 73 10
2 86 95 1
2 87 71 1
2 87 73 5
2 87 74 10
2 87 96 1
2 88 72 1
2 88 74 5
2 88 75 10
2 88 97 1
2 89 73 1
2 89 75 5
2 89 76 10
2 89 98 1
2 90 74 1
2 90 76 5
2 90 77 10
2 90 99 1
2 91 75 1
2 91 77 5
2 91 78 10
2 91 100 1
2 92 76 1
2 92 78 5
2 92 79 10
2 92 101 1
2 93 77 1
2 93 79 5
2 93 80 10
2 93 102 1
2 94 78 1
2 94 80 5
2 94 81 10
2 94 103 1
2 95 79 1
2 95 81 5
2 95 82 10
2 95 104 1
2 96 80 1
2 96 82 5
2 96 83 10
2 96 105 1
2 97 81 1
2 97 83 5
2 97 84 10
2 97 106 1
2 98 82 1
2 98 84 5
2 98 85 10
2 98 107 1
2 99 83 1
2 99 85 5
2 99 86 10
2 99 108 1
2 100 84 1
2 100 86 5
2 100 87 10
2 100 109 1
2 101 85 1
2 101 87 5
2 101 88 10
2 101 110 1
2 102 86 1
2 102 88 5
2 102 89 10
2 102 111 1
2 103 87 1
2 103 89 5
2 103 90 10
2 103 112 1
2 104 88 1
2 104 90 5
2 104 91 10
2 104 113 1
2 105 89 1
2 105 91 5
2 105 92 10
2 105 114 1
2 106 90 1
2 106 92 5
2 106 93 10
2 106 115 1
2 107 91 1
2 107 93 5
2 107 94 10
2 107 116 1
2 108 92 1
2 108 94 5
2 108 95 10
2 108 117 1
2 109 93 1
2 109 95 5
2 109 96 10
2 109 118 1
2 110 94 1
2 110 96 5
2 110 97 10
2 110 119 1
2 111 95 1
2 111 97 5
2 111 98 10
2 111 120 1
2 112 96 1
2 112 98 5
2 112 99 10
2 112 121 1
2 113 97 1
2 113 99 5
2 113 100 10
2 113 122 1
2 114 98 1
2 114 100 5
2 114 101 10
2 114 123 1
2 115 99 1
2 115 101 5
2 115 102 10
2 115 124 1
2 116 100 1
2 116 102 5
2 116 103 10
2 116 125 1
2 117 101 1
2 117 103 5
2 117 104 10
2 117 126 1
2 118 102 1
2 118 104 5
2 118 105 10
2 118 127 1
2 119 103 1
2 119 105 5
2 119 106 10
2 119 128 1
2 120 104 1
2 120 106 5
2 120 107 10
2 120 129 1
2 121 105 1
2 121 107 5
2 121 108 10
2 121 130 1
2 122 106 1
2 122 108 5
2 122 109 10
2 122 131 1
2 123 107 1
2 123 109 5
2 123 110 10
2 123 132 1
2 124 108 1
2 124 110 5
2 124 111 10
2 124 133 1
2 125 109 1
2 125 111 5
2 125 112 10
2 125 134 1
2 126 110 1
2 126 112 5
2 126 113 10
2 126 135 1
2 127 111 1
2 127 113 5
2 127 114 10
2 127 136 1
2 128 112 1
2 128 114 5
2 128 115 10
2 128 137 1
2 129 113 1
2 129 115 5
2 129 116 10
2 129 138 1
2 130 114 1
2 130 116 5
2 130 117 10
2 130 139 1
2 131 115 1
2 131 117 5
2 131 118 10
2 131 140 1
2 132 116 1
2 132 118 5
2 132 119 10
2 132 141 1
2 133 117 1
2 133 119 5
2 133 120 10
2 133 142 1
2 134 118 1
2 134 120 5
2 134 121 10
2 134 143 1
2 135 119 1
2 135 121 5
2 135 122 10
2 135 144 1
2 136 120 1
2 136 122 5
2 136 123 10
2 136 145 1
2 137 121 1
2 137 123 5
2 137 124 10
2 137 146 1
2 138 122 1
2 138 124 5
2 138 125 10
2 138 147 1
2 139 123 1
2 139 125 5
2 139 126 10
2 139 148 1
2 140 124 1
2 140 126 5
2 140 127 10
2 140 149 1
2 141 125 1
2 141 127 5
2 141 128 10
2 141 150 1
2 142 126 1
2 142 128 5
2 142 129 10
2 142 151 1
2 143 127 1
2 143 129 5
2 143 130 10
2 143 152 1
2 144 128 1
2 144 130 5
2 144 131 10
2 144 153 1
2 145 129 1
2 145 131 5
2 145 132 10
2 145 154 1
2 146 130 1
2 146 132 5
2 146 133 10
2 146 155 1
2 147 131 1
2 147 133 5
2 147 134 10
2 147 156 1
2 148 132 1
2 148 134 5
2 148 135 10
2 148 157 1
2 149 133 1
2 149 135 5
2 149 136 10
2 149 158 1
2 150 134 1
2 150 136 5
2 150 137 10
2 150 159 1
2 151 135 1
2 151 137 5
2 151 138 10
2 151 160 1
2 152 136 1
2 152 138 5
2 152 139 10
2 152 161 1
2 153 137 1
2 153 139 5
2 153 140 10
2 153 162 1
2 154 138 1
2 154 140 5
2 154 141 10
2 154 163 1
2 155 139 1
2 155 141 5
2 155 142 10
2 155 164 1
2 156 140 1
2 156 142 5
2 156 143 10
2 156 165 1
2 157 141 1
2 157 143 5
2 157 144 10
2 157 166 1
2 158 142 1
2 158 144 5
2 158 145 10
2 158 167 1
2 159 143 1
2 159 145 5
2 159 146 10
2 159 168 1
2 160 144 1
2 160 146 5
2 160 147 10
2 160 169 1
2 161 145 1
2 161 147 5
2 161 148 10
2 161 170 1
2 162 146 1
2 162 148 5
2 162 149 10
2 162 171 1
2 163 147 1
2 163 149 5
2 163 150 10
2 163 172 1
2 164 148 1
2 164 150 5
2 164 151 10
2 164 173 1
2 165 149 1
2 165 151 5
2 165 152 10
2 165 174 1
2 166 150 1
2 166 152 5
2 166 153 10
2 166 175 1
2 167 151 1
2 167 153 5
2 167 154 10
2 167 176 1
2 168 152 1
2 168 154 5
2 168 155 10
2 168 177 1
2 169 153 1
2 169 155 5
2 169 156 10
2 169 178 1
2 170 154 1
2 170 156 5
2 170 157 10
2 170 179 1
2 171 155 1
2 171 157 5
2 171 158 10
2 171 180 1
2 172 156 1
2 172 158 5
2 172 159 10
2 172 181 1
2 173 157 1
2 173 159 5
2 173 160 10
2 173 182 1
2 174 158 1
2 174 160 5
2 174 161 10
2 174 183 1
2 175 159 1
2 175 161 5
2 175 162 10
2 175 184 1
2 176 160 1
2 176 162 5
2 176 163 10
2 176 185 1
2 177 161 1
2 177 163 5
2 177 164 10
2 177 186 1
2 178 162 1
2 178 164 5
2 178 165 10
2 178 187 1
2 179 163 1
2 179 165 5
2 179 166 10
2 179 188 1
2 180 164 1
2 180 166 5
2 180 167 10
2 180 189 1
2 181 165 1
2 181 167 5
2 181 168 10
2 181 190 1
2 182 166 1
2 182 168 5
2 182 169 10
2 182 191 1
2 183 167 1
2 183 169 5
2 183 170 10
2 183 192 1
2 184 168 1
2 184 170 5
2 184 171 10
2 184 193 1
2 185 169 1
2 185 171 5
2 185 172 10
2 185 194 1
2 186 170 1
2 186 172 5
2 186 173 10
2 186 195 1
2 187 171 1
2 187 173 5
2 187 174 10
2 187 196 1
2 188 172 1
2 188 174 5
2 188 175 10
2 188 197 1
2 189 173 1
2 189 175 5
2 189 176 10
2 189 198 1
2 190 174 1
2 190 176 5
2 190 177 10
2 190 199 1
2 191 175 1
2 191 177 5
2 191 178 10
2 191 200 1
2 192 176 1
2 192 178 5
2 192 179 10
2 192 201 1
2 193 177 1
2 193 179 5
2 193 180 10
2 193 202 1
2 194 178 1
2 194 180 5
2 194 181 10
2 194 203 1
2 195 179 1
2 195 181 5
2 195 182 10
2 195 204 1
2 196 180 1
2 196 182 5
2 196 183 10
2 196 205 1
2 197 181 1
2 197 183 5
2 197 184 10
2 197 206 1
2 198 182 1
2 198 184 5
2 198 185 10
2 198 207 1
2 199 183 1
2 199 185 5
2 199 186 10
2 199 208 1
2 200 184 1
2 200 186 5
2 200 187 10
2 200 209 1
2 201 185 1
2 201 187 5
2 201 188 10
2 201 210 1
2 202 186 1
2 202 188 5
2 202 189 10
2 202 211 1
2 203 187 1
2 203 189 5
2 203 190 10
2 203 212 1
2 204 188 1
2 204 190 5
2 204 191 10
2 204 213 1
2 205 189 1
2 205 191 5
2 205 192 10
2 205 214 1
2 206 190 1
2 206 192 5
2 206 193 10
2 206 215 1
2 207 191 1
2 207 193 5
2 207 194 10
2 207 216 1
2 208 192 1
2 208 194 5
2 208 195 10
2 208 217 1
2 209 193 1
2 209 195 5
2 209 196 10
2 209 218 1
2 210 194 1
2 210 196 5
2 210 197 10
2 210 219 1
2 211 195 1
2 211 197 5
2 211 198 10
2 211 220 1
2 212 196 1
2 212 198 5
2 212 199 10
2 212 221 1
2 213 197 1
2 213 199 5
2 213 200 10
2 213 222 1
2 214 198 1
2 214 200 5
2 214 201 10
2 214 223 1
2 215 199 1
2 215 201 5
2 215 202 10
2 215 224 1
2 216 200 1
2 216 202 5
2 216 203 10
2 216 225 1
2 217 201 1
2 217 203 5
2 217 204 10
2 217 226 1
2 218 202 1
2 218 204 5
2 218 205 10
2 218 227 1
2 219 203 1
2 219 205 5
2 219 206 10
2 219 228 1
2 220 204 1
2 220 206 5
2 220 207 10
2 220 229 1
2 221 205 1
2 221 207 5
2 221 208 10
2 221 230 1
2 222 206 1
2 222 208 5
2 222 209 10
2 222 231 1
2 223 207 1
2 223 209 5
2 223 210 10
2 223 232 1
2 224 208 1
2 224 210 5
2 224 211 10
2 224 233 1
2 225 209 1
2 225 211 5
2 225 212 10
2 225 234 1
2 226 210 1
2 226 212 5
2 226 213 10
2 226 235 1
2 227 211 1
2 227 213 5
2 227 214 10
2 227 236 1
2 228 212 1
2 228 214 5
2 228 215 10
2 228 237 1
2 229 213 1
2 229 215 5
2 229 216 10
2 229 238 1
2 230 214 1
2 230 216 5
2 230 217 10
2 230 239 1
2 231 215 1
2 231 217 5
2 231 218 10
2 231 240 1
2 232 216 1
2 232 218 5
2 232 219 10
2 232 241 1
2 233 217 1
2 233 219 5
2 233 220 10
2 233 242 1
2 234 218 1
2 234 220 5
2 234 221 10
2 234 243 1
2 235 219 1
2 235 221 5
2 235 222 10
2 235 244 1
2 236 220 1
2 236 222 5
2 236 223 10
2 236 245 1
2 237 221 1
2 237 223 5
2 237 224 10
2 237 246 1
2 238 222 1
2 238 224 5
2 238 225 10
2 238 247 1
2 239 223 1
2 239 225 5
2 239 226 10
2 239 248 1
2 240 224 1
2 240 226 5
2 240 227 10
2 240 249 1
2 241 225 1
2 241 227 5
2 241 228 10
2 241 250 1
2 242 226 1
2 242 228 5
2 242 229 10
2 242 251 1
2 243 227 1
2 243 229 5
2 243 230 10
2 243 252 1
2 244 228 6
2 244 231 10
2 244 253 1
2 245 229 6
2 245 232 10
2 245 254 1
2 246 230 6
2 246 233 10
2 246 255 1
2 247 231 6
2 247 234 10
2 247 256 1
2 248 232 6
2 248 235 10
2 248 257 1
2 249 233 6
2 249 236 10
2 249 258 1
2 250 234 6
2 250 237 10
2 250 259 1
2 251 235 6
2 251 238 10
2 251 260 1
2 252 236 6
2 252 239 10
2 252 261 1
2 253 237 6
2 253 240 10
2 253 262 1
2 254 238 6
2 254 241 10
2 254 263 1
2 255 239 6
2 255 242 10
2 255 264 1
2 256 240 6
2 256 243 10
2 256 265 1
2 257 241 6
2 257 244 10
2 257 266 1
2 258 242 6
2 258 245 10
2 258 267 1
2 259 243 6
2 259 246 10
2 259 268 1
2 260 244 6
2 260 247 10
2 260 269 1
2 261 245 6
2 261 248 10
2 261 270 1
2 262 246 6
2 262 249 10
2 262 271 1
2 263 247 6
2 263 250 10
2 263 272 1
2 264 248 6
2 264 251 10
2 264 273 1
2 265 249 6
2 265 252 10
2 265 274 1
2 266 250 6
2 266 253 10
2 266 275 1
2 267 251 6
2 267 254 10
2 267 276 1
2 268 252 6
2 268 255 10
2 268 277 1
2 269 253 6
2 269 256 10
2 269 278 1
2 270 254 6
2 270 257 10
2 270 279 1
2 271 255 6
2 271 258 10
2 271 280 1
2 272 256 6
2 272 259 10
2 272 281 1
2 273 257 6
2 273 260 10
2 273 282 1
2 274 258 6
2 274 261 10
2 274 283 1
2 275 259 6
2 275 262 10
2 275 284 1
2 276 260 6
2 276 263 10
2 276 285 1
2 277 261 6
2 277 264 10
2 277 286 1
2 278 262 6
2 278 265 10
2 278 287 1
2 279 263 6
2 279 266 10
2 279 288 1
2 280 264 6
2 280 267 10
2 280 289 1
2 281 265 6
2 281 268 10
2 281 290 1
2 282 266 6
2 282 269 10
2 282 291 1
2 283 267 6
2 283 270 10
2 283 292 1
2 284 268 6
2 284 271 10
2 284 293 1
2 285 269 6
2 285 272 10
2 285 294 1
2 286 270 6
2 286 273 10
2 286 295 1
2 287 271 6
2 287 274 10
2 287 296 1
2 288 272 6
2 288 275 10
2 288 297 1
2 289 273 6
2 289 276 10
2 289 298 1
2 290 274 6
2 290 277 10
2 290 299 1
2 291 275 6
2 291 278 10
2 291 300 1
2 292 276 6
2 292 279 10
2 292 301 1
2 293 277 6
2 293 280 10
2 293 302 1
2 294 278 6
2 294 281 10
2 294 303 1
2 295 279 6
2 295 282 10
2 295 304 1
2 296 280 6
2 296 283 10
2 296 305 1
2 297 281 6
2 297 284 10
2 297 306 1
2 298 282 6
2 298 285 10
2 298 307 1
2 299 283 6
2 299 286 10
2 299 308 1
2 300 284 6
2 300 287 10
2 300 309 1
2 301 285 6
2 301 288 10
2 301 310 1
2 302 286 6
2 302 289 10
2 302 311 1
2 303 287 6
2 303 290 10
2 303 312 1
2 304 288 6
2 304 291 10
2 304 313 1
2 305 289 6
2 305 292 10
2 305 314 1
2 306 290 6
2 306 293 10
2 306 315 1
2 307 291 6
2 307 294 10
2 307 316 1
2 308 292 6
2 308 295 10
2 308 296 10
2 308 312 1
2 309 293 6
2 309 296 10
2 309 297 10
2 309 313 1
2 310 294 6
2 310 297 10
2 310 298 10
2 310 314 1
2 311 295 6
2 311 298 10
2 311 299 10
2 311 315 1
2 312 296 6
2 312 299 10
2 312 300 10
2 312 316 1
2 313 297 6
2 313 300 10
2 313 301 10
2 313 317 1
2 314 298 6
2 314 301 10
2 314 302 10
2 314 318 1
2 315 299 6
2 315 302 10
2 315 303 10
2 315 319 1
2 316 300 6
2 316 303 10
2 316 304 10
2 316 320 1
2 317 301 6
2 317 304 10
2 317 305 10
2 317 321 1
2 318 302 6
2 318 305 10
2 318 306 10
2 318 322 1
2 319 303 6
2 319 306 10
2 319 307 10
2 319 323 1
2 320 304 6
2 320 307 10
2 320 308 10
2 320 324 1
2 321 305 6
2 321 308 10
2 321 309 10
2 321 325 1
2 322 306 6
2 322 309 10
2 322 310 10
2 322 326 1
2 323 307 6
2 323 310 10
2 323 311 10
2 323 327 1
2 324 308 6
2 324 311 10
2 324 312 10
2 324 328 1
2 325 309 6
2 325 312 10
2 325 313 10
2 325 329 1
2 326 310 6
2 326 313 10
2 326 314 10
2 326 330 1
2 327 311 6
2 327 314 10
2 327 315 10
2 327 331 1
2 328 312 6
2 328 315 10
2 328 316 10
2 328 332 1
2 329 313 6
2 329 316 10
2 329 317 10
2 329 333 1
2 330 314 6
2 330 317 10
2 330 318 10
2 330 334 1
2 331 315 6
2 331 318 10
2 331 319 10
2 331 335 1
2 332 316 6
2 332 319 10
2 332 320 10
2 332 336 1
2 333 317 6
2 333 320 10
2 333 321 10
2 333 337 1
2 334 318 6
2 334 321 10
2 334 322 10
2 334 338 1
2 335 319 6
2 335 322 10
2 335 323 10
2 335 339 1
2 336 320 6
2 336 323 10
2 336 324 10
2 336 340 1
2 337 321 6
2 337 324 10
2 337 325 10
2 337 341 1
2 338 322 6
2 338 325 10
2 338 326 10
2 338 342 1
2 339 323 6
2 339 326 10
2 339 327 10
2 339 343 1
2 340 324 6
2 340 327 10
2 340 328 10
2 340 344 1
2 341 325 6
2 341 328 10
2 341 329 10
2 341 345 1
2 342 326 6
2 342 329 10
2 342 330 10
2 342 346 1
2 343 327 6
2 343 330 10
2 343 331 10
2 343 347 1
2 344 328 6
2 344 331 10
2 344 332 10
2 344 348 1
2 345 329 6
2 345 332 10
2 345 333 10
2 345 349 1
2 346 330 6
2 346 333 10
2 346 334 10
2 346 350 1
2 347 331 6
2 347 334 10
2 347 335 10
2 347 351 1
2 348 332 6
2 348 335 10
2 348 336 10
2 348 352 1
2 349 333 6
2 349 336 10
2 349 337 10
2 349 353 1
2 350 334 6
2 350 337 10
2 350 338 10
2 350 354 1
2 351 335 6
2 351 338 10
2 351 339 10
2 351 355 1
2 352 336 16
2 352 337 16
2 353 337 16
2 353 338 16
2 354 338 16
2 354 339 16
2 355 339 16
2 355 340 16
2 356 340 16
2 356 341 16
2 357 341 16
2 357 342 16
2 358 342 16
2 358 343 16
2 359 343 16
2 359 344 16
3 0 14 1
3 1 15 1
3 2 16 1
3 3 17 1
3 4 18 1
3 5 19 1
3 6 20 1
3 7 21 1
3 8 0 11
3 8 15 1
3 9 0 11
3 9 16 1
3 10 0 5
3 10 1 6
3 10 17 1
3 11 0 5
3 11 2 6
3 11 18 1
3 12 0 5
3 12 3 6
3 12 19 1
3 13 0 5
3 13 4 6
3 13 20 1
3 14 0 5
3 14 5 6
3 14 21 1
3 15 0 1
3 15 1 4
3 15 6 6
3 15 22 1
3 16 0 1
3 16 2 4
3 16 7 6
3 16 23 1
3 17 1 1
3 17 3 4
3 17 8 6
3 17 24 1
3 18 2 1
3 18 4 4
3 18 9 6
3 18 25 1
3 19 3 1
3 19 5 4
3 19 10 6
3 19 26 1
3 20 4 1
3 20 6 4
3 20 11 6
3 20 27 1
3 21 5 1
3 21 7 4
3 21 12 6
3 21 28 1
3 22 6 1
3 22 8 4
3 22 13 6
3 22 29 1
3 23 7 1
3 23 9 4
3 23 14 6
3 23 30 1
3 24 8 1
3 24 10 4
3 24 15 6
3 24 31 1
3 25 9 1
3 25 11 4
3 25 16 6
3 25 32 1
3 26 10 1
3 26 12 4
3 26 17 6
3 26 33 1
3 27 11 1
3 27 13 4
3 27 18 6
3 27 34 1
3 28 12 1
3 28 14 4
3 28 19 6
3 28 35 1
3 29 13 1
3 29 15 4
3 29 20 6
3 29 36 1
3 30 14 1
3 30 16 4
3 30 21 6
3 30 37 1
3 31 15 1
3 31 17 4
3 31 22 6
3 31 38 1
3 32 16 1
3 32 18 4
3 32 23 6
3 32 39 1
3 33 17 1
3 33 19 4
3 33 24 6
3 33 40 1
3 34 18 1
3 34 20 4
3 34 25 6
3 34 41 1
3 35 19 1
3 35 21 4
3 35 26 6
3 35 42 1
3 36 20 1
3 36 22 4
3 36 27 6
3 36 43 1
3 37 21 1
3 37 23 4
3 37 28 6
3 37 44 1
3 38 22 1
3 38 24 4
3 38 29 6
3 38 45 1
3 39 23 1
3 39 25 4
3 39 30 6
3 39 46 1
3 40 24 1
3 40 26 4
3 40 31 6
3 40 47 1
3 41 25 1
3 41 27 4
3 41 32 6
3 41 48 1
3 42 26 1
3 42 28 4
3 42 33 6
3 42 49 1
3 43 27 1
3 43 29 4
3 43 34 6
3 43 50 1
3 44 28 1
3 44 30 4
3 44 35 6
3 44 38 4
3 44 43 1
3 45 29 1
3 45 31 4
3 45 36 6
3 45 39 4
3 45 44 1
3 46 30 1
3 46 32 4
3 46 37 6
3 46 40 4
3 46 45 1
3 47 31 1
3 47 33 4
3 47 38 6
3 47 41 4
3 47 46 1
3 48 32 1
3 48 34 4
3 48 39 6
3 48 42 4
3 48 47 1
3 49 33 1
3 49 35 4
3 49 40 6
3 49 43 4
3 49 48 1
3 50 34 1
3 50 36 4
3 50 41 6
3 50 44 4
3 50 49 1
3 51 35 1
3 51 37 4
3 51 42 6
3 51 45 4
3 51 50 1
3 52 36 1
3 52 38 4
3 52 43 6
3 52 46 4
3 52 51 1
3 53 37 1
3 53 39 4
3 53 44 6
3 53 47 4
3 53 52 1
3 54 38 1
3 54 40 4
3 54 45 6
3 54 48 4
3 54 53 1
3 55 39 1
3 55 41 4
3 55 46 6
3 55 49 4
3 55 54 1
3 56 40 1
3 56 42 4
3 56 47 6
3 56 50 4
3 56 55 1
3 57 41 1
3 57 43 4
3 57 48 6
3 57 51 4
3 57 56 1
3 58 42 1
3 58 44 4
3 58 49 6
3 58 52 4
3 58 57 1
3 59 43 1
3 59 45 4
3 59 50 6
3 59 53 4
3 59 58 1
3 60 44 1
3 60 46 4
3 60 51 6
3 60 54 4
3 60 59 1
3 61 45 1
3 61 47 4
3 61 52 6
3 61 55 4
3 61 60 1
3 62 46 1
3 62 48 4
3 62 53 6
3 62 56 4
3 62 61 1
3 63 47 1
3 63 49 4
3 63 54 6
3 63 57 4
3 63 62 1
3 64 48 1
3 64 50 4
3 64 51 6
3 64 58 4
3 64 63 1
3 65 49 1
3 65 51 4
3 65 52 6
3 65 59 4
3 65 64 1
3 66 50 1
3 66 52 4
3 66 53 6
3 66 60 4
3 66 65 1
3 67 51 1
3 67 53 4
3 67 54 6
3 67 61 4
3 67 66 1
3 68 52 1
3 68 54 4
3 68 55 6
3 68 62 4
3 68 67 1
3 69 53 1
3 69 55 4
3 69 56 6
3 69 63 4
3 69 68 1
3 70 54 1
3 70 56 4
3 70 57 6
3 70 64 4
3 70 69 1
3 71 55 1
3 71 57 4
3 71 58 6
3 71 65 4
3 71 70 1
3 72 56 1
3 72 58 4
3 72 59 6
3 72 66 4
3 72 71 1
3 73 57 1
3 73 59 4
3 73 60 6
3 73 67 4
3 73 72 1
3 74 58 1
3 74 60 4
3 74 61 6
3 74 68 4
3 74 73 1
3 75 59 1
3 75 61 4
3 75 62 6
3 75 69 4
3 75 74 1
3 76 60 1
3 76 62 4
3 76 63 6
3 76 70 4
3 76 75 1
3 77 61 1
3 77 63 4
3 77 64 6
3 77 71 4
3 77 76 1
3 78 62 1
3 78 64 4
3 78 65 6
3 78 72 4
3 78 77 1
3 79 63 1
3 79 65 4
3 79 66 6
3 79 73 4
3 79 78 1
3 80 64 1
3 80 66 4
3 80 67 6
3 80 74 4
3 80 79 1
3 81 65 1
3 81 67 4
3 81 68 6
3 81 75 4
3 81 80 1
3 82 66 1
3 82 68 4
3 82 69 6
3 82 76 4
3 82 81 1
3 83 67 1
3 83 69 4
3 83 70 6
3 83 77 4
3 83 82 1
3 84 68 1
3 84 70 4
3 84 71 6
3 84 78 4
3 84 83 1
3 85 69 1
3 85 71 4
3 85 72 6
3 85 79 4
3 85 84 1
3 86 70 1
3 86 72 4
3 86 73 6
3 86 80 4
3 86 85 1
3 87 71 1
3 87 73 4
3 87 74 6
3 87 81 4
3 87 86 1
3 88 72 1
3 88 74 4
3 88 75 6
3 88 82 4
3 88 87 1
3 89 73 1
3 89 75 4
3 89 76 6
3 89 83 4
3 89 88 1
3 90 74 1
3 90 76 4
3 90 77 6
3 90 84 4
3 90 89 1
3 91 75 1
3 91 77 4
3 91 78 6
3 91 85 4
3 91 90 1
3 92 76 1
3 92 78 4
3 92 79 6
3 92 86 4
3 92 91 1
3 93 77 1
3 93 79 4
3 93 80 6
3 93 87 4
3 93 92 1
3 94 78 1
3 94 80 4
3 94 81 6
3 94 88 4
3 94 93 1
3 95 79 1
3 95 81 4
3 95 82 6
3 95 89 4
3 95 94 1
3 96 80 1
3 96 82 4
3 96 83 6
3 96 90 4
3 96 95 1
3 97 81 1
3 97 83 4
3 97 84 6
3 97 91 4
3 97 96 1
3 98 82 1
3 98 84 4
3 98 85 6
3 98 92 4
3 98 97 1
3 99 83 1
3 99 85 4
3 99 86 6
3 99 93 4
3 99 98 1
3 100 84 1
3 100 86 4
3 100 87 6
3 100 94 4
3 100 99 1
3 101 85 1
3 101 87 4
3 101 88 6
3 101 95 4
3 101 100 1
3 102 86 1
3 102 88 4
3 102 89 6
3 102 96 4
3 102 101 1
3 103 87 1
3 103 89 4
3 103 90 6
3 103 97 4
3 103 102 1
3 104 88 1
3 104 90 4
3 104 91 6
3 104 98 4
3 104 103 1
3 105 89 1
3 105 91 4
3 105 92 6
3 105 99 4
3 105 104 1
3 106 90 1
3 106 92 4
3 106 93 6
3 106 100 4
3 106 105 1
3 107 91 1
3 107 93 4
3 107 94 6
3 107 101 4
3 107 106 1
3 108 92 1
3 108 94 4
3 108 95 6
3 108 102 4
3 108 107 1
3 109 93 1
3 109 95 4
3 109 96 6
3 109 103 4
3 109 108 1
3 110 94 1
3 110 96 4
3 110 97 6
3 110 104 4
3 110 109 1
3 111 95 1
3 111 97 4
3 111 98 6
3 111 105 4
3 111 110 1
3 112 96 1
3 112 98 4
3 112 99 6
3 112 106 4
3 112 111 1
3 113 97 1
3 113 99 4
3 113 100 6
3 113 107 4
3 113 112 1
3 114 98 1
3 114 100 4
3 114 101 6
3 114 108 4
3 114 113 1
3 115 99 1
3 115 101 4
3 115 102 6
3 115 109 4
3 115 114 1
3 116 100 1
3 116 102 4
3 116 103 6
3 116 110 4
3 116 115 1
3 117 101 1
3 117 103 4
3 117 104 6
3 117 111 4
3 117 116 1
3 118 102 1
3 118 104 4
3 118 105 6
3 118 112 4
3 118 117 1
3 119 103 1
3 119 105 4
3 119 106 6
3 119 113 4
3 119 118 1
3 120 104 1
3 120 106 4
3 120 107 6
3 120 114 4
3 120 119 1
3 121 105 1
3 121 107 4
3 121 108 6
3 121 115 4
3 121 120 1
3 122 106 1
3 122 108 4
3 122 109 6
3 122 116 4
3 122 121 1
3 123 107 1
3 123 109 4
3 123 110 6
3 123 117 4
3 123 122 1
3 124 108 1
3 124 110 4
3 124 111 6
3 124 118 4
3 124 123 1
3 125 109 1
3 125 111 4
3 125 112 6
3 125 119 4
3 125 124 1
3 126 110 1
3 126 112 4
3 126 113 6
3 126 120 4
3 126 125 1
3 127 111 1
3 127 113 4
3 127 114 6
3 127 121 4
3 127 126 1
3 128 112 1
3 128 114 4
3 128 115 6
3 128 122 4
3 128 127 1
3 129 113 1
3 129 115 4
3 129 116 6
3 129 123 4
3 129 128 1
3 130 114 1
3 130 116 4
3 130 117 6
3 130 124 4
3 130 129 1
3 131 115 1
3 131 117 4
3 131 118 6
3 131 125 4
3 131 130 1
3 132 116 1
3 132 118 4
3 132 119 6
3 132 126 4
3 132 131 1
3 133 117 1
3 133 119 4
3 133 120 6
3 133 127 4
3 133 132 1
3 134 118 1
3 134 120 4
3 134 121 6
3 134 128 4
3 134 133 1
3 135 119 1
3 135 121 4
3 135 122 6
3 135 129 4
3 135 134 1
3 136 120 1
3 136 122 4
3 136 123 6
3 136 130 4
3 136 135 1
3 137 121 1
3 137 123 4
3 137 124 6
3 137 131 4
3 137 136 1
3 138 122 1
3 138 124 4
3 138 125 6
3 138 132 4
3 138 137 1
3 139 123 1
3 139 125 4
3 139 126 6
3 139 133 4
3 139 138 1
3 140 124 1
3 140 126 4
3 140 127 6
3 140 134 4
3 140 139 1
3 141 125 1
3 141 127 4
3 141 128 6
3 141 135 4
3 141 140 1
3 142 126 1
3 142 128 4
3 142 129 6
3 142 136 4
3 142 141 1
3 143 127 1
3 143 129 4
3 143 130 6
3 143 137 4
3 143 142 1
3 144 128 1
3 144 130 4
3 144 131 6
3 144 138 4
3 144 143 1
3 145 129 1
3 145 131 4
3 145 132 6
3 145 139 4
3 145 144 1
3 146 130 1
3 146 132 4
3 146 133 6
3 146 140 4
3 146 145 1
3 147 131 1
3 147 133 4
3 147 134 6
3 147 141 4
3 147 146 1
3 148 132 1
3 148 134 4
3 148 135 6
3 148 142 4
3 148 147 1
3 149 133 1
3 149 135 4
3 149 136 6
3 149 143 4
3 149 148 1
3 150 134 1
3 150 136 4
3 150 137 6
3 150 144 4
3 150 149 1
3 151 135 1
3 151 137 4
3 151 138 6
3 151 145 4
3 151 150 1
3 152 136 1
3 152 138 4
3 152 139 6
3 152 146 4
3 152 151 1
3 153 137 1
3 153 139 4
3 153 140 6
3 153 147 4
3 153 152 1
3 154 138 1
3 154 140 4
3 154 141 6
3 154 148 4
3 154 153 1
3 155 139 1
3 155 141 4
3 155 142 6
3 155 149 4
3 155 154 1
3 156 140 1
3 156 142 4
3 156 143 6
3 156 150 4
3 156 155 1
3 157 141 1
3 157 143 4
3 157 144 6
3 157 151 4
3 157 156 1
3 158 142 1
3 158 144 4
3 158 145 6
3 158 152 4
3 158 157 1
3 159 143 1
3 159 145 4
3 159 146 6
3 159 153 4
3 159 158 1
3 160 144 1
3 160 146 4
3 160 147 6
3 160 154 4
3 160 159 1
3 161 145 1
3 161 147 4
3 161 148 6
3 161 155 4
3 161 160 1
3 162 146 1
3 162 148 4
3 162 149 6
3 162 156 4
3 162 161 1
3 163 147 1
3 163 149 4
3 163 150 6
3 163 157 4
3 163 162 1
3 164 148 1
3 164 150 4
3 164 151 6
3 164 158 4
3 164 163 1
3 165 149 1
3 165 151 4
3 165 152 6
3 165 159 4
3 165 164 1
3 166 150 1
3 166 152 4
3 166 153 6
3 166 160 4
3 166 165 1
3 167 151 1
3 167 153 4
3 167 154 6
3 167 161 4
3 167 166 1
3 168 152 1
3 168 154 4
3 168 155 6
3 168 162 4
3 168 167 1
3 169 153 1
3 169 155 4
3 169 156 6
3 169 163 4
3 169 168 1
3 170 154 1
3 170 156 4
3 170 157 6
3 170 164 4
3 170 169 1
3 171 155 1
3 171 157 4
3 171 158 6
3 171 165 4
3 171 170 1
3 172 156 1
3 172 158 4
3 172 159 6
3 172 166 4
3 172 171 1
3 173 157 1
3 173 159 4
3 173 160 6
3 173 167 4
3 173 172 1
3 174 158 1
3 174 160 4
3 174 161 6
3 174 168 4
3 174 173 1
3 175 159 1
3 175 161 4
3 175 162 6
3 175 169 4
3 175 174 1
3 176 160 1
3 176 162 4
3 176 163 6
3 176 170 4
3 176 175 1
3 177 161 1
3 177 163 4
3 177 164 6
3 177 171 4
3 177 176 1
3 178 162 1
3 178 164 4
3 178 165 6
3 178 172 4
3 178 177 1
3 179 163 1
3 179 165 4
3 179 166 6
3 179 173 4
3 179 178 1
3 180 164 1
3 180 166 4
3 180 167 6
3 180 174 4
3 180 179 1
3 181 165 1
3 181 167 4
3 181 168 6
3 181 175 4
3 181 180 1
3 182 166 1
3 182 168 4
3 182 169 6
3 182 176 4
3 182 181 1
3 183 167 1
3 183 169 4
3 183 170 6
3 183 177 4
3 183 182 1
3 184 168 1
3 184 170 4
3 184 171 6
3 184 178 4
3 184 183 1
3 185 169 1
3 185 171 4
3 185 172 6
3 185 179 4
3 185 184 1
3 186 170 1
3 186 172 4
3 186 173 6
3 186 180 4
3 186 185 1
3 187 171 1
3 187 173 4
3 187 174 6
3 187 181 4
3 187 186 1
3 188 172 1
3 188 174 4
3 188 175 6
3 188 182 4
3 188 187 1
3 189 173 1
3 189 175 4
3 189 176 6
3 189 183 4
3 189 188 1
3 190 174 1
3 190 176 4
3 190 177 6
3 190 184 4
3 190 189 1
3 191 175 1
3 191 177 4
3 191 178 6
3 191 185 4
3 191 190 1
3 192 176 1
3 192 178 4
3 192 179 6
3 192 186 4
3 192 191 1
3 193 177 1
3 193 179 4
3 193 180 6
3 193 187 4
3 193 192 1
3 194 178 1
3 194 180 4
3 194 181 6
3 194 188 4
3 194 193 1
3 195 179 1
3 195 181 4
3 195 182 6
3 195 189 4
3 195 194 1
3 196 180 1
3 196 182 4
3 196 183 6
3 196 190 4
3 196 195 1
3 197 181 1
3 197 183 4
3 197 184 6
3 197 191 4
3 197 196 1
3 198 182 1
3 198 184 4
3 198 185 6
3 198 192 4
3 198 197 1
3 199 183 1
3 199 185 4
3 199 186 6
3 199 193 4
3 199 198 1
3 200 184 1
3 200 186 4
3 200 187 6
3 200 194 4
3 200 199 1
3 201 185 1
3 201 187 4
3 201 188 6
3 201 195 4
3 201 200 1
3 202 186 1
3 202 188 4
3 202 189 6
3 202 196 4
3 202 201 1
3 203 187 1
3 203 189 4
3 203 190 6
3 203 197 4
3 203 202 1
3 204 188 1
3 204 190 4
3 204 191 6
3 204 198 4
3 204 203 1
3 205 189 1
3 205 191 4
3 205 192 6
3 205 199 4
3 205 204 1
3 206 190 1
3 206 192 4
3 206 193 6
3 206 200 4
3 206 205 1
3 207 191 1
3 207 193 4
3 207 194 6
3 207 201 4
3 207 206 1
3 208 192 1
3 208 194 4
3 208 195 6
3 208 202 4
3 208 207 1
3 209 193 1
3 209 195 4
3 209 196 6
3 209 203 4
3 209 208 1
3 210 194 1
3 210 196 4
3 210 197 6
3 210 204 4
3 210 209 1
3 211 195 1
3 211 197 4
3 211 198 6
3 211 205 4
3 211 210 1
3 212 196 1
3 212 198 4
3 212 199 6
3 212 206 4
3 212 211 1
3 213 197 1
3 213 199 4
3 213 200 6
3 213 207 4
3 213 212 1
3 214 198 1
3 214 200 4
3 214 201 6
3 214 208 4
3 214 213 1
3 215 199 1
3 215 201 4
3 215 202 6
3 215 209 4
3 215 214 1
3 216 200 1
3 216 202 4
3 216 203 6
3 216 210 4
3 216 215 1
3 217 201 1
3 217 203 4
3 217 204 6
3 217 211 4
3 217 216 1
3 218 202 1
3 218 204 4
3 218 205 6
3 218 212 4
3 218 217 1
3 219 203 1
3 219 205 4
3 219 206 6
3 219 213 4
3 219 218 1
3 220 204 1
3 220 206 4
3 220 207 6
3 220 214 4
3 220 219 1
3 221 205 1
3 221 207 4
3 221 208 6
3 221 215 4
3 221 220 1
3 222 206 1
3 222 208 4
3 222 209 6
3 222 216 4
3 222 221 1
3 223 207 1
3 223 209 4
3 223 210 6
3 223 217 4
3 223 222 1
3 224 208 1
3 224 210 4
3 224 211 6
3 224 218 4
3 224 223 1
3 225 209 1
3 225 211 4
3 225 212 6
3 225 219 4
3 225 224 1
3 226 210 1
3 226 212 4
3 226 213 6
3 226 220 4
3 226 225 1
3 227 211 1
3 227 213 4
3 227 214 6
3 227 221 4
3 227 226 1
3 228 212 1
3 228 214 4
3 228 215 6
3 228 222 4
3 228 227 1
3 229 213 1
3 229 215 4
3 229 216 6
3 229 223 4
3 229 228 1
3 230 214 1
3 230 216 4
3 230 217 6
3 230 224 4
3 230 229 1
3 231 215 1
3 231 217 4
3 231 218 6
3 231 225 4
3 231 230 1
3 232 216 1
3 232 218 4
3 232 219 6
3 232 226 4
3 232 231 1
3 233 217 1
3 233 219 4
3 233 220 6
3 233 227 4
3 233 232 1
3 234 218 1
3 234 220 4
3 234 221 6
3 234 228 4
3 234 233 1
3 235 219 1
3 235 221 4
3 235 222 6
3 235 229 4
3 235 234 1
3 236 220 1
3 236 222 4
3 236 223 6
3 236 230 4
3 236 235 1
3 237 221 1
3 237 223 4
3 237 224 6
3 237 231 4
3 237 236 1
3 238 222 1
3 238 224 4
3 238 225 6
3 238 232 4
3 238 237 1
3 239 223 1
3 239 225 4
3 239 226 6
3 239 233 4
3 239 238 1
3 240 224 1
3 240 226 4
3 240 227 6
3 240 234 4
3 240 239 1
3 241 225 1
3 241 227 4
3 241 228 6
3 241 235 4
3 241 240 1
3 242 226 1
3 242 228 4
3 242 229 6
3 242 236 4
3 242 241 1
3 243 227 1
3 243 229 4
3 243 230 6
3 243 237 4
3 243 242 1
3 244 228 5
3 244 231 6
3 244 238 4
3 244 243 1
3 245 229 5
3 245 232 6
3 245 239 4
3 245 244 1
3 246 230 5
3 246 233 6
3 246 240 4
3 246 245 1
3 247 231 5
3 247 234 6
3 247 241 4
3 247 246 1
3 248 232 5
3 248 235 6
3 248 242 4
3 248 247 1
3 249 233 5
3 249 236 6
3 249 243 4
3 249 248 1
3 250 234 5
3 250 237 6
3 250 244 4
3 250 249 1
3 251 235 5
3 251 238 6
3 251 245 4
3 251 250 1
3 252 236 5
3 252 239 6
3 252 246 4
3 252 251 1
3 253 237 5
3 253 240 6
3 253 247 4
3 253 252 1
3 254 238 5
3 254 241 6
3 254 248 4
3 254 253 1
3 255 239 5
3 255 242 6
3 255 249 4
3 255 254 1
3 256 240 5
3 256 243 6
3 256 250 4
3 256 255 1
3 257 241 5
3 257 244 6
3 257 251 4
3 257 256 1
3 258 242 5
3 258 245 6
3 258 252 4
3 258 257 1
3 259 243 5
3 259 246 6
3 259 253 4
3 259 258 1
3 260 244 5
3 260 247 6
3 260 254 4
3 260 259 1
3 261 245 5
3 261 248 6
3 261 255 4
3 261 260 1
3 262 246 5
3 262 249 6
3 262 256 4
3 262 261 1
3 263 247 5
3 263 250 6
3 263 257 4
3 263 262 1
3 264 248 5
3 264 251 6
3 264 258 4
3 264 263 1
3 265 249 5
3 265 252 6
3 265 259 4
3 265 264 1
3 266 250 5
3 266 253 6
3 266 260 4
3 266 265 1
3 267 251 5
3 267 254 6
3 267 261 4
3 267 266 1
3 268 252 5
3 268 255 6
3 268 262 4
3 268 267 1
3 269 253 5
3 269 256 6
3 269 263 4
3 269 268 1
3 270 254 5
3 270 257 6
3 270 264 4
3 270 269 1
3 271 255 5
3 271 258 6
3 271 265 4
3 271 270 1
3 272 256 5
3 272 259 6
3 272 266 4
3 272 271 1
3 273 257 5
3 273 260 6
3 273 267 4
3 273 272 1
3 274 258 5
3 274 261 6
3 274 268 4
3 274 273 1
3 275 259 5
3 275 262 6
3 275 269 4
3 275 274 1
3 276 260 5
3 276 263 6
3 276 270 4
3 276 275 1
3 277 261 5
3 277 264 6
3 277 271 4
3 277 276 1
3 278 262 5
3 278 265 6
3 278 272 4
3 278 277 1
3 279 263 5
3 279 266 6
3 279 273 4
3 279 278 1
3 280 264 5
3 280 267 6
3 280 274 4
3 280 279 1
3 281 265 5
3 281 268 6
3 281 275 4
3 281 280 1
3 282 266 5
3 282 269 6
3 282 276 4
3 282 281 1
3 283 267 5
3 283 270 6
3 283 277 4
3 283 282 1
3 284 268 5
3 284 271 6
3 284 278 4
3 284 283 1
3 285 269 5
3 285 272 6
3 285 279 4
3 285 284 1
3 286 270 5
3 286 273 6
3 286 280 4
3 286 285 1
3 287 271 5
3 287 274 6
3 287 281 4
3 287 286 1
3 288 272 5
3 288 275 6
3 288 282 4
3 288 287 1
3 289 273 5
3 289 276 6
3 289 283 4
3 289 288 1
3 290 274 5
3 290 277 6
3 290 284 4
3 290 289 1
3 291 275 5
3 291 278 6
3 291 285 4
3 291 290 1
3 292 276 5
3 292 279 6
3 292 286 4
3 292 291 1
3 293 277 5
3 293 280 6
3 293 287 4
3 293 292 1
3 294 278 5
3 294 281 6
3 294 288 4
3 294 293 1
3 295 279 5
3 295 282 6
3 295 289 4
3 295 294 1
3 296 280 5
3 296 283 6
3 296 290 4
3 296 295 1
3 297 281 5
3 297 284 6
3 297 291 4
3 297 296 1
3 298 282 5
3 298 285 6
3 298 292 4
3 298 297 1
3 299 283 5
3 299 286 6
3 299 293 4
3 299 298 1
3 300 284 5
3 300 287 6
3 300 294 4
3 300 299 1
3 301 285 5
3 301 288 6
3 301 295 4
3 301 300 1
3 302 286 5
3 302 289 6
3 302 296 4
3 302 301 1
3 303 287 5
3 303 290 6
3 303 297 4
3 303 302 1
3 304 288 5
3 304 291 6
3 304 298 4
3 304 303 1
3 305 289 5
3 305 292 6
3 305 299 4
3 305 304 1
3 306 290 5
3 306 293 6
3 306 300 4
3 306 305 1
3 307 291 5
3 307 294 6
3 307 301 4
3 307 306 1
3 308 292 5
3 308 295 6
3 308 296 4
3 308 307 1
3 309 293 5
3 309 296 6
3 309 297 4
3 309 308 1
3 310 294 5
3 310 297 6
3 310 298 4
3 310 309 1
3 311 295 5
3 311 298 6
3 311 299 4
3 311 310 1
3 312 296 5
3 312 299 6
3 312 300 4
3 312 311 1
3 313 297 5
3 313 300 6
3 313 301 4
3 313 312 1
3 314 298 5
3 314 301 6
3 314 302 4
3 314 313 1
3 315 299 5
3 315 302 6
3 315 303 4
3 315 314 1
3 316 300 5
3 316 303 6
3 316 304 4
3 316 315 1
3 317 301 5
3 317 304 6
3 317 305 4
3 317 316 1
3 318 302 5
3 318 305 6
3 318 306 4
3 318 317 1
3 319 303 5
3 319 306 6
3 319 307 4
3 319 318 1
3 320 304 5
3 320 307 6
3 320 308 4
3 320 319 1
3 321 305 5
3 321 308 6
3 321 309 4
3 321 320 1
3 322 306 5
3 322 309 6
3 322 310 4
3 322 321 1
3 323 307 5
3 323 310 6
3 323 311 4
3 323 322 1
3 324 308 5
3 324 311 6
3 324 312 4
3 324 323 1
3 325 309 5
3 325 312 6
3 325 313 4
3 325 324 1
3 326 310 5
3 326 313 6
3 326 314 4
3 326 325 1
3 327 311 5
3 327 314 6
3 327 315 4
3 327 326 1
3 328 312 5
3 328 315 6
3 328 316 4
3 328 327 1
3 329 313 5
3 329 316 6
3 329 317 4
3 329 328 1
3 330 314 5
3 330 317 6
3 330 318 4
3 330 329 1
3 331 315 5
3 331 318 6
3 331 319 4
3 331 330 1
3 332 316 5
3 332 319 6
3 332 320 4
3 332 331 1
3 333 317 5
3 333 320 6
3 333 321 4
3 333 332 1
3 334 318 5
3 334 321 6
3 334 322 4
3 334 333 1
3 335 319 5
3 335 322 6
3 335 323 4
3 335 334 1
3 336 320 5
3 336 323 6
3 336 324 4
3 336 335 1
3 337 321 5
3 337 324 6
3 337 325 4
3 337 336 1
3 338 322 5
3 338 325 6
3 338 326 4
3 338 337 1
3 339 323 5
3 339 326 6
3 339 327 4
3 339 338 1
3 340 324 5
3 340 327 6
3 340 328 4
3 340 339 1
3 341 325 5
3 341 328 6
3 341 329 4
3 341 340 1
3 342 326 5
3 342 329 6
3 342 330 4
3 342 341 1
3 343 327 5
3 343 330 6
3 343 331 4
3 343 342 1
3 344 328 5
3 344 331 6
3 344 332 4
3 344 343 1
3 345 329 5
3 345 332 6
3 345 333 4
3 345 344 1
3 346 330 5
3 346 333 6
3 346 334 4
3 346 345 1
3 347 331 5
3 347 334 6
3 347 335 4
3 347 346 1
3 348 332 5
3 348 335 6
3 348 336 4
3 348 347 1
3 349 333 5
3 349 336 6
3 349 337 4
3 349 348 1
3 350 334 5
3 350 337 6
3 350 338 4
3 350 349 1
3 351 335 5
3 351 338 6
3 351 339 4
3 351 350 1
3 352 336 11
3 352 337 5
3 353 337 11
3 353 338 5
3 354 338 11
3 354 339 5
3 355 339 11
3 355 340 5
3 356 340 11
3 356 341 5
3 357 341 11
3 357 342 5
3 358 342 11
3 358 343 5
3 359 343 11
3 359 344 5
4 0 15 1
4 1 16 1
4 2 17 1
4 3 18 1
4 4 19 1
4 5 20 1
4 6 21 1
4 7 22 1
4 8 0 7
4 8 11 1
4 9 0 7
4 9 12 1
4 10 0 4
4 10 1 3
4 10 13 1
4 11 0 4
4 11 2 3
4 11 14 1
4 12 0 4
4 12 3 3
4 12 15 1
4 13 0 4
4 13 4 3
4 13 16 1
4 14 0 4
4 14 5 3
4 14 17 1
4 15 0 1
4 15 1 3
4 15 6 3
4 15 18 1
4 16 0 1
4 16 2 3
4 16 7 3
4 16 19 1
4 17 1 1
4 17 3 3
4 17 8 3
4 17 20 1
4 18 2 1
4 18 4 3
4 18 9 3
4 18 21 1
4 19 3 1
4 19 5 3
4 19 10 3
4 19 22 1
4 20 4 1
4 20 6 3
4 20 11 3
4 20 23 1
4 21 5 1
4 21 7 3
4 21 12 3
4 21 24 1
4 22 6 1
4 22 8 3
4 22 13 3
4 22 25 1
4 23 7 1
4 23 9 3
4 23 14 3
4 23 26 1
4 24 8 1
4 24 10 3
4 24 15 3
4 24 27 1
4 25 9 1
4 25 11 3
4 25 16 3
4 25 28 1
4 26 10 1
4 26 12 3
4 26 17 3
4 26 29 1
4 27 11 1
4 27 13 3
4 27 18 3
4 27 30 1
4 28 12 1
4 28 14 3
4 28 19 3
4 28 31 1
4 29 13 1
4 29 15 3
4 29 20 3
4 29 32 1
4 30 14 1
4 30 16 3
4 30 21 3
4 30 33 1
4 31 15 1
4 31 17 3
4 31 22 3
4 31 34 1
4 32 16 1
4 32 18 3
4 32 23 3
4 32 35 1
4 33 17 1
4 33 19 3
4 33 24 3
4 33 36 1
4 34 18 1
4 34 20 3
4 34 25 3
4 34 37 1
4 35 19 1
4 35 21 3
4 35 26 3
4 35 38 1
4 36 20 1
4 36 22 3
4 36 27 3
4 36 39 1
4 37 21 1
4 37 23 3
4 37 28 3
4 37 40 1
4 38 22 1
4 38 24 3
4 38 29 3
4 38 41 1
4 39 23 1
4 39 25 3
4 39 30 3
4 39 42 1
4 40 24 1
4 40 26 3
4 40 31 3
4 40 43 1
4 41 25 1
4 41 27 3
4 41 32 3
4 41 44 1
4 42 26 1
4 42 28 3
4 42 33 3
4 42 45 1
4 43 27 1
4 43 29 3
4 43 34 3
4 43 46 1
4 44 28 1
4 44 30 3
4 44 35 3
4 44 38 1
4 45 29 1
4 45 31 3
4 45 36 3
4 45 39 1
4 46 30 1
4 46 32 3
4 46 37 3
4 46 40 1
4 47 31 1
4 47 33 3
4 47 38 3
4 47 41 1
4 48 32 1
4 48 34 3
4 48 39 3
4 48 42 1
4 49 33 1
4 49 35 3
4 49 40 3
4 49 43 1
4 50 34 1
4 50 36 3
4 50 41 3
4 50 44 1
4 51 35 1
4 51 37 3
4 51 42 3
4 51 45 1
4 52 36 1
4 52 38 3
4 52 43 3
4 52 46 1
4 53 37 1
4 53 39 3
4 53 44 3
4 53 47 1
4 54 38 1
4 54 40 3
4 54 45 3
4 54 48 1
4 55 39 1
4 55 41 3
4 55 46 3
4 55 49 1
4 56 40 1
4 56 42 3
4 56 47 3
4 56 50 1
4 57 41 1
4 57 43 3
4 57 48 3
4 57 51 1
4 58 42 1
4 58 44 3
4 58 49 3
4 58 52 1
4 59 43 1
4 59 45 3
4 59 50 3
4 59 53 1
4 60 44 1
4 60 46 3
4 60 51 3
4 60 54 1
4 61 45 1
4 61 47 3
4 61 52 3
4 61 55 1
4 62 46 1
4 62 48 3
4 62 53 3
4 62 56 1
4 63 47 1
4 63 49 3
4 63 54 3
4 63 57 1
4 64 48 1
4 64 50 3
4 64 51 3
4 64 58 1
4 65 49 1
4 65 51 3
4 65 52 3
4 65 59 1
4 66 50 1
4 66 52 3
4 66 53 3
4 66 60 1
4 67 51 1
4 67 53 3
4 67 54 3
4 67 61 1
4 68 52 1
4 68 54 3
4 68 55 3
4 68 62 1
4 69 53 1
4 69 55 3
4 69 56 3
4 69 63 1
4 70 54 1
4 70 56 3
4 70 57 3
4 70 64 1
4 71 55 1
4 71 57 3
4 71 58 3
4 71 65 1
4 72 56 1
4 72 58 3
4 72 59 3
4 72 66 1
4 73 57 1
4 73 59 3
4 73 60 3
4 73 67 1
4 74 58 1
4 74 60 3
4 74 61 3
4 74 68 1
4 75 59 1
4 75 61 3
4 75 62 3
4 75 69 1
4 76 60 1
4 76 62 3
4 76 63 3
4 76 70 1
4 77 61 1
4 77 63 3
4 77 64 3
4 77 71 1
4 78 62 1
4 78 64 3
4 78 65 3
4 78 72 1
4 79 63 1
4 79 65 3
4 79 66 3
4 79 73 1
4 80 64 1
4 80 66 3
4 80 67 3
4 80 74 1
4 81 65 1
4 81 67 3
4 81 68 3
4 81 75 1
4 82 66 1
4 82 68 3
4 82 69 3
4 82 76 1
4 83 67 1
4 83 69 3
4 83 70 3
4 83 77 1
4 84 68 1
4 84 70 3
4 84 71 3
4 84 78 1
4 85 69 1
4 85 71 3
4 85 72 3
4 85 79 1
4 86 70 1
4 86 72 3
4 86 73 3
4 86 80 1
4 87 71 1
4 87 73 3
4 87 74 3
4 87 81 1
4 88 72 1
4 88 74 3
4 88 75 3
4 88 82 1
4 89 73 1
4 89 75 3
4 89 76 3
4 89 83 1
4 90 74 1
4 90 76 3
4 90 77 3
4 90 84 1
4 91 75 1
4 91 77 3
4 91 78 3
4 91 85 1
4 92 76 1
4 92 78 3
4 92 79 3
4 92 86 1
4 93 77 1
4 93 79 3
4 93 80 3
4 93 87 1
4 94 78 1
4 94 80 3
4 94 81 3
4 94 88 1
4 95 79 1
4 95 81 3
4 95 82 3
4 95 89 1
4 96 80 1
4 96 82 3
4 96 83 3
4 96 90 1
4 97 81 1
4 97 83 3
4 97 84 3
4 97 91 1
4 98 82 1
4 98 84 3
4 98 85 3
4 98 92 1
4 99 83 1
4 99 85 3
4 99 86 3
4 99 93 1
4 100 84 1
4 100 86 3
4 100 87 3
4 100 94 1
4 101 85 1
4 101 87 3
4 101 88 3
4 101 95 1
4 102 86 1
4 102 88 3
4 102 89 3
4 102 96 1
4 103 87 1
4 103 89 3
4 103 90 3
4 103 97 1
4 104 88 1
4 104 90 3
4 104 91 3
4 104 98 1
4 105 89 1
4 105 91 3
4 105 92 3
4 105 99 1
4 106 90 1
4 106 92 3
4 106 93 3
4 106 100 1
4 107 91 1
4 107 93 3
4 107 94 3
4 107 101 1
4 108 92 1
4 108 94 3
4 108 95 3
4 108 102 1
4 109 93 1
4 109 95 3
4 109 96 3
4 109 103 1
4 110 94 1
4 110 96 3
4 110 97 3
4 110 104 1
4 111 95 1
4 111 97 3
4 111 98 3
4 111 105 1
4 112 96 1
4 112 98 3
4 112 99 3
4 112 106 1
4 113 97 1
4 113 99 3
4 113 100 3
4 113 107 1
4 114 98 1
4 114 100 3
4 114 101 3
4 114 108 1
4 115 99 1
4 115 101 3
4 115 102 3
4 115 109 1
4 116 100 1
4 116 102 3
4 116 103 3
4 116 110 1
4 117 101 1
4 117 103 3
4 117 104 3
4 117 111 1
4 118 102 1
4 118 104 3
4 118 105 3
4 118 112 1
4 119 103 1
4 119 105 3
4 119 106 3
4 119 113 1
4 120 104 1
4 120 106 3
4 120 107 3
4 120 114 1
4 121 105 1
4 121 107 3
4 121 108 3
4 121 115 1
4 122 106 1
4 122 108 3
4 122 109 3
4 122 116 1
4 123 107 1
4 123 109 3
4 123 110 3
4 123 117 1
4 124 108 1
4 124 110 3
4 124 111 3
4 124 118 1
4 125 109 1
4 125 111 3
4 125 112 3
4 125 119 1
4 126 110 1
4 126 112 3
4 126 113 3
4 126 120 1
4 127 111 1
4 127 113 3
4 127 114 3
4 127 121 1
4 128 112 1
4 128 114 3
4 128 115 3
4 128 122 1
4 129 113 1
4 129 115 3
4 129 116 3
4 129 123 1
4 130 114 1
4 130 116 3
4 130 117 3
4 130 124 1
4 131 115 1
4 131 117 3
4 131 118 3
4 131 125 1
4 132 116 1
4 132 118 3
4 132 119 3
4 132 126 1
4 133 117 1
4 133 119 3
4 133 120 3
4 133 127 1
4 134 118 1
4 134 120 3
4 134 121 3
4 134 128 1
4 135 119 1
4 135 121 3
4 135 122 3
4 135 129 1
4 136 120 1
4 136 122 3
4 136 123 3
4 136 130 1
4 137 121 1
4 137 123 3
4 137 124 3
4 137 131 1
4 138 122 1
4 138 124 3
4 138 125 3
4 138 132 1
4 139 123 1
4 139 125 3
4 139 126 3
4 139 133 1
4 140 124 1
4 140 126 3
4 140 127 3
4 140 134 1
4 141 125 1
4 141 127 3
4 141 128 3
4 141 135 1
4 142 126 1
4 142 128 3
4 142 129 3
4 142 136 1
4 143 127 1
4 143 129 3
4 143 130 3
4 143 137 1
4 144 128 1
4 144 130 3
4 144 131 3
4 144 138 1
4 145 129 1
4 145 131 3
4 145 132 3
4 145 139 1
4 146 130 1
4 146 132 3
4 146 133 3
4 146 140 1
4 147 131 1
4 147 133 3
4 147 134 3
4 147 141 1
4 148 132 1
4 148 134 3
4 148 135 3
4 148 142 1
4 149 133 1
4 149 135 3
4 149 136 3
4 149 143 1
4 150 134 1
4 150 136 3
4 150 137 3
4 150 144 1
4 151 135 1
4 151 137 3
4 151 138 3
4 151 145 1
4 152 136 1
4 152 138 3
4 152 139 3
4 152 146 1
4 153 137 1
4 153 139 3
4 153 140 3
4 153 147 1
4 154 138 1
4 154 140 3
4 154 141 3
4 154 148 1
4 155 139 1
4 155 141 3
4 155 142 3
4 155 149 1
4 156 140 1
4 156 142 3
4 156 143 3
4 156 150 1
4 157 141 1
4 157 143 3
4 157 144 3
4 157 151 1
4 158 142 1
4 158 144 3
4 158 145 3
4 158 152 1
4 159 143 1
4 159 145 3
4 159 146 3
4 159 153 1
4 160 144 1
4 160 146 3
4 160 147 3
4 160 154 1
4 161 145 1
4 161 147 3
4 161 148 3
4 161 155 1
4 162 146 1
4 162 148 3
4 162 149 3
4 162 156 1
4 163 147 1
4 163 149 3
4 163 150 3
4 163 157 1
4 164 148 1
4 164 150 3
4 164 151 3
4 164 158 1
4 165 149 1
4 165 151 3
4 165 152 3
4 165 159 1
4 166 150 1
4 166 152 3
4 166 153 3
4 166 160 1
4 167 151 1
4 167 153 3
4 167 154 3
4 167 161 1
4 168 152 1
4 168 154 3
4 168 155 3
4 168 162 1
4 169 153 1
4 169 155 3
4 169 156 3
4 169 163 1
4 170 154 1
4 170 156 3
4 170 157 3
4 170 164 1
4 171 155 1
4 171 157 3
4 171 158 3
4 171 165 1
4 172 156 1
4 172 158 3
4 172 159 3
4 172 166 1
4 173 157 1
4 173 159 3
4 173 160 3
4 173 167 1
4 174 158 1
4 174 160 3
4 174 161 3
4 174 168 1
4 175 159 1
4 175 161 3
4 175 162 3
4 175 169 1
4 176 160 1
4 176 162 3
4 176 163 3
4 176 170 1
4 177 161 1
4 177 163 3
4 177 164 3
4 177 171 1
4 178 162 1
4 178 164 3
4 178 165 3
4 178 172 1
4 179 163 1
4 179 165 3
4 179 166 3
4 179 173 1
4 180 164 1
4 180 166 3
4 180 167 3
4 180 174 1
4 181 165 1
4 181 167 3
4 181 168 3
4 181 175 1
4 182 166 1
4 182 168 3
4 182 169 3
4 182 176 1
4 183 167 1
4 183 169 3
4 183 170 3
4 183 177 1
4 184 168 1
4 184 170 3
4 184 171 3
4 184 178 1
4 185 169 1
4 185 171 3
4 185 172 3
4 185 179 1
4 186 170 1
4 186 172 3
4 186 173 3
4 186 180 1
4 187 171 1
4 187 173 3
4 187 174 3
4 187 181 1
4 188 172 1
4 188 174 3
4 188 175 3
4 188 182 1
4 189 173 1
4 189 175 3
4 189 176 3
4 189 183 1
4 190 174 1
4 190 176 3
4 190 177 3
4 190 184 1
4 191 175 1
4 191 177 3
4 191 178 3
4 191 185 1
4 192 176 1
4 192 178 3
4 192 179 3
4 192 186 1
4 193 177 1
4 193 179 3
4 193 180 3
4 193 187 1
4 194 178 1
4 194 180 3
4 194 181 3
4 194 188 1
4 195 179 1
4 195 181 3
4 195 182 3
4 195 189 1
4 196 180 1
4 196 182 3
4 196 183 3
4 196 190 1
4 197 181 1
4 197 183 3
4 197 184 3
4 197 191 1
4 198 182 1
4 198 184 3
4 198 185 3
4 198 192 1
4 199 183 1
4 199 185 3
4 199 186 3
4 199 193 1
4 200 184 1
4 200 186 3
4 200 187 3
4 200 194 1
4 201 185 1
4 201 187 3
4 201 188 3
4 201 195 1
4 202 186 1
4 202 188 3
4 202 189 3
4 202 196 1
4 203 187 1
4 203 189 3
4 203 190 3
4 203 197 1
4 204 188 1
4 204 190 3
4 204 191 3
4 204 198 1
4 205 189 1
4 205 191 3
4 205 192 3
4 205 199 1
4 206 190 1
4 206 192 3
4 206 193 3
4 206 200 1
4 207 191 1
4 207 193 3
4 207 194 3
4 207 201 1
4 208 192 1
4 208 194 3
4 208 195 3
4 208 202 1
4 209 193 1
4 209 195 3
4 209 196 3
4 209 203 1
4 210 194 1
4 210 196 3
4 210 197 3
4 210 204 1
4 211 195 1
4 211 197 3
4 211 198 3
4 211 205 1
4 212 196 1
4 212 198 3
4 212 199 3
4 212 206 1
4 213 197 1
4 213 199 3
4 213 200 3
4 213 207 1
4 214 198 1
4 214 200 3
4 214 201 3
4 214 208 1
4 215 199 1
4 215 201 3
4 215 202 3
4 215 209 1
4 216 200 1
4 216 202 3
4 216 203 3
4 216 210 1
4 217 201 1
4 217 203 3
4 217 204 3
4 217 211 1
4 218 202 1
4 218 204 3
4 218 205 3
4 218 212 1
4 219 203 1
4 219 205 3
4 219 206 3
4 219 213 1
4 220 204 1
4 220 206 3
4 220 207 3
4 220 214 1
4 221 205 1
4 221 207 3
4 221 208 3
4 221 215 1
4 222 206 1
4 222 208 3
4 222 209 3
4 222 216 1
4 223 207 1
4 223 209 3
4 223 210 3
4 223 217 1
4 224 208 1
4 224 210 3
4 224 211 3
4 224 218 1
4 225 209 1
4 225 211 3
4 225 212 3
4 225 219 1
4 226 210 1
4 226 212 3
4 226 213 3
4 226 220 1
4 227 211 1
4 227 213 3
4 227 214 3
4 227 221 1
4 228 212 1
4 228 214 3
4 228 215 3
4 228 222 1
4 229 213 1
4 229 215 3
4 229 216 3
4 229 223 1
4 230 214 1
4 230 216 3
4 230 217 3
4 230 224 1
4 231 215 1
4 231 217 3
4 231 218 3
4 231 225 1
4 232 216 1
4 232 218 3
4 232 219 3
4 232 226 1
4 233 217 1
4 233 219 3
4 233 220 3
4 233 227 1
4 234 218 1
4 234 220 3
4 234 221 3
4 234 228 1
4 235 219 1
4 235 221 3
4 235 222 3
4 235 229 1
4 236 220 1
4 236 222 3
4 236 223 3
4 236 230 1
4 237 221 1
4 237 223 3
4 237 224 3
4 237 231 1
4 238 222 1
4 238 224 3
4 238 225 3
4 238 232 1
4 239 223 1
4 239 225 3
4 239 226 3
4 239 233 1
4 240 224 1
4 240 226 3
4 240 227 3
4 240 234 1
4 241 225 1
4 241 227 3
4 241 228 3
4 241 235 1
4 242 226 1
4 242 228 3
4 242 229 3
4 242 236 1
4 243 227 1
4 243 229 3
4 243 230 3
4 243 237 1
4 244 228 4
4 244 231 3
4 244 238 1
4 245 229 4
4 245 232 3
4 245 239 1
4 246 230 4
4 246 233 3
4 246 240 1
4 247 231 4
4 247 234 3
4 247 241 1
4 248 232 4
4 248 235 3
4 248 242 1
4 249 233 4
4 249 236 3
4 249 243 1
4 250 234 4
4 250 237 3
4 250 244 1
4 251 235 4
4 251 238 3
4 251 245 1
4 252 236 4
4 252 239 3
4 252 246 1
4 253 237 4
4 253 240 3
4 253 247 1
4 254 238 4
4 254 241 3
4 254 248 1
4 255 239 4
4 255 242 3
4 255 249 1
4 256 240 4
4 256 243 3
4 256 250 1
4 257 241 4
4 257 244 3
4 257 251 1
4 258 242 4
4 258 245 3
4 258 252 1
4 259 243 4
4 259 246 3
4 259 253 1
4 260 244 4
4 260 247 3
4 260 254 1
4 261 245 4
4 261 248 3
4 261 255 1
4 262 246 4
4 262 249 3
4 262 256 1
4 263 247 4
4 263 250 3
4 263 257 1
4 264 248 4
4 264 251 3
4 264 258 1
4 265 249 4
4 265 252 3
4 265 259 1
4 266 250 4
4 266 253 3
4 266 260 1
4 267 251 4
4 267 254 3
4 267 261 1
4 268 252 4
4 268 255 3
4 268 262 1
4 269 253 4
4 269 256 3
4 269 263 1
4 270 254 4
4 270 257 3
4 270 264 1
4 271 255 4
4 271 258 3
4 271 265 1
4 272 256 4
4 272 259 3
4 272 266 1
4 273 257 4
4 273 260 3
4 273 267 1
4 274 258 4
4 274 261 3
4 274 268 1
4 275 259 4
4 275 262 3
4 275 269 1
4 276 260 4
4 276 263 3
4 276 270 1
4 277 261 4
4 277 264 3
4 277 271 1
4 278 262 4
4 278 265 3
4 278 272 1
4 279 263 4
4 279 266 3
4 279 273 1
4 280 264 4
4 280 267 3
4 280 274 1
4 281 265 4
4 281 268 3
4 281 275 1
4 282 266 4
4 282 269 3
4 282 276 1
4 283 267 4
4 283 270 3
4 283 277 1
4 284 268 4
4 284 271 3
4 284 278 1
4 285 269 4
4 285 272 3
4 285 279 1
4 286 270 4
4 286 273 3
4 286 280 1
4 287 271 4
4 287 274 3
4 287 281 1
4 288 272 4
4 288 275 3
4 288 282 1
4 289 273 4
4 289 276 3
4 289 283 1
4 290 274 4
4 290 277 3
4 290 284 1
4 291 275 4
4 291 278 3
4 291 285 1
4 292 276 4
4 292 279 3
4 292 286 1
4 293 277 4
4 293 280 3
4 293 287 1
4 294 278 4
4 294 281 3
4 294 288 1
4 295 279 4
4 295 282 3
4 295 289 1
4 296 280 4
4 296 283 3
4 296 290 1
4 297 281 4
4 297 284 3
4 297 291 1
4 298 282 4
4 298 285 3
4 298 292 1
4 299 283 4
4 299 286 3
4 299 293 1
4 300 284 4
4 300 287 3
4 300 294 1
4 301 285 4
4 301 288 3
4 301 295 1
4 302 286 4
4 302 289 3
4 302 296 1
4 303 287 4
4 303 290 3
4 303 297 1
4 304 288 4
4 304 291 3
4 304 298 1
4 305 289 4
4 305 292 3
4 305 299 1
4 306 290 4
4 306 293 3
4 306 300 1
4 307 291 4
4 307 294 3
4 307 301 1
4 308 292 4
4 308 295 3
4 308 296 1
4 309 293 4
4 309 296 3
4 309 297 1
4 310 294 4
4 310 297 3
4 310 298 1
4 311 295 4
4 311 298 3
4 311 299 1
4 312 296 4
4 312 299 3
4 312 300 1
4 313 297 4
4 313 300 3
4 313 301 1
4 314 298 4
4 314 301 3
4 314 302 1
4 315 299 4
4 315 302 3
4 315 303 1
4 316 300 4
4 316 303 3
4 316 304 1
4 317 301 4
4 317 304 3
4 317 305 1
4 318 302 4
4 318 305 3
4 318 306 1
4 319 303 4
4 319 306 3
4 319 307 1
4 320 304 4
4 320 307 3
4 320 308 1
4 321 305 4
4 321 308 3
4 321 309 1
4 322 306 4
4 322 309 3
4 322 310 1
4 323 307 4
4 323 310 3
4 323 311 1
4 324 308 4
4 324 311 3
4 324 312 1
4 325 309 4
4 325 312 3
4 325 313 1
4 326 310 4
4 326 313 3
4 326 314 1
4 327 311 4
4 327 314 3
4 327 315 1
4 328 312 4
4 328 315 3
4 328 316 1
4 329 313 4
4 329 316 3
4 329 317 1
4 330 314 4
4 330 317 3
4 330 318 1
4 331 315 4
4 331 318 3
4 331 319 1
4 332 316 4
4 332 319 3
4 332 320 1
4 333 317 4
4 333 320 3
4 333 321 1
4 334 318 4
4 334 321 3
4 334 322 1
4 335 319 4
4 335 322 3
4 335 323 1
4 336 320 4
4 336 323 3
4 336 324 1
4 337 321 4
4 337 324 3
4 337 325 1
4 338 322 4
4 338 325 3
4 338 326 1
4 339 323 4
4 339 326 3
4 339 327 1
4 340 324 4
4 340 327 3
4 340 328 1
4 341 325 4
4 341 328 3
4 341 329 1
4 342 326 4
4 342 329 3
4 342 330 1
4 343 327 4
4 343 330 3
4 343 331 1
4 344 328 4
4 344 331 3
4 344 332 1
4 345 329 4
4 345 332 3
4 345 333 1
4 346 330 4
4 346 333 3
4 346 334 1
4 347 331 4
4 347 334 3
4 347 335 1
4 348 332 4
4 348 335 3
4 348 336 1
4 349 333 4
4 349 336 3
4 349 337 1
4 350 334 4
4 350 337 3
4 350 338 1
4 351 335 4
4 351 338 3
4 351 339 1
4 352 336 7
4 352 337 1
4 353 337 7
4 353 338 1
4 354 338 7
4 354 339 1
4 355 339 7
4 355 340 1
4 356 340 7
4 356 341 1
4 357 341 7
4 357 342 1
4 358 342 7
4 358 343 1
4 359 343 7
4 359 344 1
5 0 16 1
5 1 17 1
5 2 18 1
5 3 19 1
5 4 20 1
5 5 21 1
5 6 22 1
5 7 23 1
5 8 0 4
5 9 0 4
5 10 0 3
5 10 1 1
5 11 0 3
5 11 2 1
5 12 0 3
5 12 3 1
5 13 0 3
5 13 4 1
5 14 0 3
5 14 5 1
5 15 0 1
5 15 1 2
5 15 6 1
5 16 0 1
5 16 2 2
5 16 7 1
5 17 1 1
5 17 3 2
5 17 8 1
5 18 2 1
5 18 4 2
5 18 9 1
5 19 3 1
5 19 5 2
5 19 10 1
5 20 4 1
5 20 6 2
5 20 11 1
5 21 5 1
5 21 7 2
5 21 12 1
5 22 6 1
5 22 8 2
5 22 13 1
5 23 7 1
5 23 9 2
5 23 14 1
5 24 8 1
5 24 10 2
5 24 15 1
5 25 9 1
5 25 11 2
5 25 16 1
5 26 10 1
5 26 12 2
5 26 17 1
5 27 11 1
5 27 13 2
5 27 18 1
5 28 12 1
5 28 14 2
5 28 19 1
5 29 13 1
5 29 15 2
5 29 20 1
5 30 14 1
5 30 16 2
5 30 21 1
5 31 15 1
5 31 17 2
5 31 22 1
5 32 16 1
5 32 18 2
5 32 23 1
5 33 17 1
5 33 19 2
5 33 24 1
5 34 18 1
5 34 20 2
5 34 25 1
5 35 19 1
5 35 21 2
5 35 26 1
5 36 20 1
5 36 22 2
5 36 27 1
5 37 21 1
5 37 23 2
5 37 28 1
5 38 22 1
5 38 24 2
5 38 29 1
5 39 23 1
5 39 25 2
5 39 30 1
5 40 24 1
5 40 26 2
5 40 31 1
5 41 25 1
5 41 27 2
5 41 32 1
5 42 26 1
5 42 28 2
5 42 33 1
5 43 27 1
5 43 29 2
5 43 34 1
5 44 28 1
5 44 30 2
5 44 35 1
5 45 29 1
5 45 31 2
5 45 36 1
5 46 30 1
5 46 32 2
5 46 37 1
5 47 31 1
5 47 33 2
5 47 38 1
5 48 32 1
5 48 34 2
5 48 39 1
5 49 33 1
5 49 35 2
5 49 40 1
5 50 34 1
5 50 36 2
5 50 41 1
5 51 35 1
5 51 37 2
5 51 42 1
5 52 36 1
5 52 38 2
5 52 43 1
5 53 37 1
5 53 39 2
5 53 44 1
5 54 38 1
5 54 40 2
5 54 45 1
5 55 39 1
5 55 41 2
5 55 46 1
5 56 40 1
5 56 42 2
5 56 47 1
5 57 41 1
5 57 43 2
5 57 48 1
5 58 42 1
5 58 44 2
5 58 49 1
5 59 43 1
5 59 45 2
5 59 50 1
5 60 44 1
5 60 46 2
5 60 51 1
5 61 45 1
5 61 47 2
5 61 52 1
5 62 46 1
5 62 48 2
5 62 53 1
5 63 47 1
5 63 49 2
5 63 54 1
5 64 48 1
5 64 50 2
5 64 51 1
5 65 49 1
5 65 51 2
5 65 52 1
5 66 50 1
5 66 52 2
5 66 53 1
5 67 51 1
5 67 53 2
5 67 54 1
5 68 52 1
5 68 54 2
5 68 55 1
5 69 53 1
5 69 55 2
5 69 56 1
5 70 54 1
5 70 56 2
5 70 57 1
5 71 55 1
5 71 57 2
5 71 58 1
5 72 56 1
5 72 58 2
5 72 59 1
5 73 57 1
5 73 59 2
5 73 60 1
5 74 58 1
5 74 60 2
5 74 61 1
5 75 59 1
5 75 61 2
5 75 62 1
5 76 60 1
5 76 62 2
5 76 63 1
5 77 61 1
5 77 63 2
5 77 64 1
5 78 62 1
5 78 64 2
5 78 65 1
5 79 63 1
5 79 65 2
5 79 66 1
5 80 64 1
5 80 66 2
5 80 67 1
5 81 65 1
5 81 67 2
5 81 68 1
5 82 66 1
5 82 68 2
5 82 69 1
5 83 67 1
5 83 69 2
5 83 70 1
5 84 68 1
5 84 70 2
5 84 71 1
5 85 69 1
5 85 71 2
5 85 72 1
5 86 70 1
5 86 72 2
5 86 73 1
5 87 71 1
5 87 73 2
5 87 74 1
5 88 72 1
5 88 74 2
5 88 75 1
5 89 73 1
5 89 75 2
5 89 76 1
5 90 74 1
5 90 76 2
5 90 77 1
5 91 75 1
5 91 77 2
5 91 78 1
5 92 76 1
5 92 78 2
5 92 79 1
5 93 77 1
5 93 79 2
5 93 80 1
5 94 78 1
5 94 80 2
5 94 81 1
5 95 79 1
5 95 81 2
5 95 82 1
5 96 80 1
5 96 82 2
5 96 83 1
5 97 81 1
5 97 83 2
5 97 84 1
5 98 82 1
5 98 84 2
5 98 85 1
5 99 83 1
5 99 85 2
5 99 86 1
5 100 84 1
5 100 86 2
5 100 87 1
5 101 85 1
5 101 87 2
5 101 88 1
5 102 86 1
5 102 88 2
5 102 89 1
5 103 87 1
5 103 89 2
5 103 90 1
5 104 88 1
5 104 90 2
5 104 91 1
5 105 89 1
5 105 91 2
5 105 92 1
5 106 90 1
5 106 92 2
5 106 93 1
5 107 91 1
5 107 93 2
5 107 94 1
5 108 92 1
5 108 94 2
5 108 95 1
5 109 93 1
5 109 95 2
5 109 96 1
5 110 94 1
5 110 96 2
5 110 97 1
5 111 95 1
5 111 97 2
5 111 98 1
5 112 96 1
5 112 98 2
5 112 99 1
5 113 97 1
5 113 99 2
5 113 100 1
5 114 98 1
5 114 100 2
5 114 101 1
5 115 99 1
5 115 101 2
5 115 102 1
5 116 100 1
5 116 102 2
5 116 103 1
5 117 101 1
5 117 103 2
5 117 104 1
5 118 102 1
5 118 104 2
5 118 105 1
5 119 103 1
5 119 105 2
5 119 106 1
5 120 104 1
5 120 106 2
5 120 107 1
5 121 105 1
5 121 107 2
5 121 108 1
5 122 106 1
5 122 108 2
5 122 109 1
5 123 107 1
5 123 109 2
5 123 110 1
5 124 108 1
5 124 110 2
5 124 111 1
5 125 109 1
5 125 111 2
5 125 112 1
5 126 110 1
5 126 112 2
5 126 113 1
5 127 111 1
5 127 113 2
5 127 114 1
5 128 112 1
5 128 114 2
5 128 115 1
5 129 113 1
5 129 115 2
5 129 116 1
5 130 114 1
5 130 116 2
5 130 117 1
5 131 115 1
5 131 117 2
5 131 118 1
5 132 116 1
5 132 118 2
5 132 119 1
5 133 117 1
5 133 119 2
5 133 120 1
5 134 118 1
5 134 120 2
5 134 121 1
5 135 119 1
5 135 121 2
5 135 122 1
5 136 120 1
5 136 122 2
5 136 123 1
5 137 121 1
5 137 123 2
5 137 124 1
5 138 122 1
5 138 124 2
5 138 125 1
5 139 123 1
5 139 125 2
5 139 126 1
5 140 124 1
5 140 126 2
5 140 127 1
5 141 125 1
5 141 127 2
5 141 128 1
5 142 126 1
5 142 128 2
5 142 129 1
5 143 127 1
5 143 129 2
5 143 130 1
5 144 128 1
5 144 130 2
5 144 131 1
5 145 129 1
5 145 131 2
5 145 132 1
5 146 130 1
5 146 132 2
5 146 133 1
5 147 131 1
5 147 133 2
5 147 134 1
5 148 132 1
5 148 134 2
5 148 135 1
5 149 133 1
5 149 135 2
5 149 136 1
5 150 134 1
5 150 136 2
5 150 137 1
5 151 135 1
5 151 137 2
5 151 138 1
5 152 136 1
5 152 138 2
5 152 139 1
5 153 137 1
5 153 139 2
5 153 140 1
5 154 138 1
5 154 140 2
5 154 141 1
5 155 139 1
5 155 141 2
5 155 142 1
5 156 140 1
5 156 142 2
5 156 143 1
5 157 141 1
5 157 143 2
5 157 144 1
5 158 142 1
5 158 144 2
5 158 145 1
5 159 143 1
5 159 145 2
5 159 146 1
5 160 144 1
5 160 146 2
5 160 147 1
5 161 145 1
5 161 147 2
5 161 148 1
5 162 146 1
5 162 148 2
5 162 149 1
5 163 147 1
5 163 149 2
5 163 150 1
5 164 148 1
5 164 150 2
5 164 151 1
5 165 149 1
5 165 151 2
5 165 152 1
5 166 150 1
5 166 152 2
5 166 153 1
5 167 151 1
5 167 153 2
5 167 154 1
5 168 152 1
5 168 154 2
5 168 155 1
5 169 153 1
5 169 155 2
5 169 156 1
5 170 154 1
5 170 156 2
5 170 157 1
5 171 155 1
5 171 157 2
5 171 158 1
5 172 156 1
5 172 158 2
5 172 159 1
5 173 157 1
5 173 159 2
5 173 160 1
5 174 158 1
5 174 160 2
5 174 161 1
5 175 159 1
5 175 161 2
5 175 162 1
5 176 160 1
5 176 162 2
5 176 163 1
5 177 161 1
5 177 163 2
5 177 164 1
5 178 162 1
5 178 164 2
5 178 165 1
5 179 163 1
5 179 165 2
5 179 166 1
5 180 164 1
5 180 166 2
5 180 167 1
5 181 165 1
5 181 167 2
5 181 168 1
5 182 166 1
5 182 168 2
5 182 169 1
5 183 167 1
5 183 169 2
5 183 170 1
5 184 168 1
5 184 170 2
5 184 171 1
5 185 169 1
5 185 171 2
5 185 172 1
5 186 170 1
5 186 172 2
5 186 173 1
5 187 171 1
5 187 173 2
5 187 174 1
5 188 172 1
5 188 174 2
5 188 175 1
5 189 173 1
5 189 175 2
5 189 176 1
5 190 174 1
5 190 176 2
5 190 177 1
5 191 175 1
5 191 177 2
5 191 178 1
5 192 176 1
5 192 178 2
5 192 179 1
5 193 177 1
5 193 179 2
5 193 180 1
5 194 178 1
5 194 180 2
5 194 181 1
5 195 179 1
5 195 181 2
5 195 182 1
5 196 180 1
5 196 182 2
5 196 183 1
5 197 181 1
5 197 183 2
5 197 184 1
5 198 182 1
5 198 184 2
5 198 185 1
5 199 183 1
5 199 185 2
5 199 186 1
5 200 184 1
5 200 186 2
5 200 187 1
5 201 185 1
5 201 187 2
5 201 188 1
5 202 186 1
5 202 188 2
5 202 189 1
5 203 187 1
5 203 189 2
5 203 190 1
5 204 188 1
5 204 190 2
5 204 191 1
5 205 189 1
5 205 191 2
5 205 192 1
5 206 190 1
5 206 192 2
5 206 193 1
5 207 191 1
5 207 193 2
5 207 194 1
5 208 192 1
5 208 194 2
5 208 195 1
5 209 193 1
5 209 195 2
5 209 196 1
5 210 194 1
5 210 196 2
5 210 197 1
5 211 195 1
5 211 197 2
5 211 198 1
5 212 196 1
5 212 198 2
5 212 199 1
5 213 197 1
5 213 199 2
5 213 200 1
5 214 198 1
5 214 200 2
5 214 201 1
5 215 199 1
5 215 201 2
5 215 202 1
5 216 200 1
5 216 202 2
5 216 203 1
5 217 201 1
5 217 203 2
5 217 204 1
5 218 202 1
5 218 204 2
5 218 205 1
5 219 203 1
5 219 205 2
5 219 206 1
5 220 204 1
5 220 206 2
5 220 207 1
5 221 205 1
5 221 207 2
5 221 208 1
5 222 206 1
5 222 208 2
5 222 209 1
5 223 207 1
5 223 209 2
5 223 210 1
5 224 208 1
5 224 210 2
5 224 211 1
5 225 209 1
5 225 211 2
5 225 212 1
5 226 210 1
5 226 212 2
5 226 213 1
5 227 211 1
5 227 213 2
5 227 214 1
5 228 212 1
5 228 214 2
5 228 215 1
5 229 213 1
5 229 215 2
5 229 216 1
5 230 214 1
5 230 216 2
5 230 217 1
5 231 215 1
5 231 217 2
5 231 218 1
5 232 216 1
5 232 218 2
5 232 219 1
5 233 217 1
5 233 219 2
5 233 220 1
5 234 218 1
5 234 220 2
5 234 221 1
5 235 219 1
5 235 221 2
5 235 222 1
5 236 220 1
5 236 222 2
5 236 223 1
5 237 221 1
5 237 223 2
5 237 224 1
5 238 222 1
5 238 224 2
5 238 225 1
5 239 223 1
5 239 225 2
5 239 226 1
5 240 224 1
5 240 226 2
5 240 227 1
5 241 225 1
5 241 227 2
5 241 228 1
5 242 226 1
5 242 228 2
5 242 229 1
5 243 227 1
5 243 229 2
5 243 230 1
5 244 228 3
5 244 231 1
5 245 229 3
5 245 232 1
5 246 230 3
5 246 233 1
5 247 231 3
5 247 234 1
5 248 232 3
5 248 235 1
5 249 233 3
5 249 236 1
5 250 234 3
5 250 237 1
5 251 235 3
5 251 238 1
5 252 236 3
5 252 239 1
5 253 237 3
5 253 240 1
5 254 238 3
5 254 241 1
5 255 239 3
5 255 242 1
5 256 240 3
5 256 243 1
5 257 241 3
5 257 244 1
5 258 242 3
5 258 245 1
5 259 243 3
5 259 246 1
5 260 244 3
5 260 247 1
5 261 245 3
5 261 248 1
5 262 246 3
5 262 249 1
5 263 247 3
5 263 250 1
5 264 248 3
5 264 251 1
5 265 249 3
5 265 252 1
5 266 250 3
5 266 253 1
5 267 251 3
5 267 254 1
5 268 252 3
5 268 255 1
5 269 253 3
5 269 256 1
5 270 254 3
5 270 257 1
5 271 255 3
5 271 258 1
5 272 256 3
5 272 259 1
5 273 257 3
5 273 260 1
5 274 258 3
5 274 261 1
5 275 259 3
5 275 262 1
5 276 260 3
5 276 263 1
5 277 261 3
5 277 264 1
5 278 262 3
5 278 265 1
5 279 263 3
5 279 266 1
5 280 264 3
5 280 267 1
5 281 265 3
5 281 268 1
5 282 266 3
5 282 269 1
5 283 267 3
5 283 270 1
5 284 268 3
5 284 271 1
5 285 269 3
5 285 272 1
5 286 270 3
5 286 273 1
5 287 271 3
5 287 274 1
5 288 272 3
5 288 275 1
5 289 273 3
5 289 276 1
5 290 274 3
5 290 277 1
5 291 275 3
5 291 278 1
5 292 276 3
5 292 279 1
5 293 277 3
5 293 280 1
5 294 278 3
5 294 281 1
5 295 279 3
5 295 282 1
5 296 280 3
5 296 283 1
5 297 281 3
5 297 284 1
5 298 282 3
5 298 285 1
5 299 283 3
5 299 286 1
5 300 284 3
5 300 287 1
5 301 285 3
5 301 288 1
5 302 286 3
5 302 289 1
5 303 287 3
5 303 290 1
5 304 288 3
5 304 291 1
5 305 289 3
5 305 292 1
5 306 290 3
5 306 293 1
5 307 291 3
5 307 294 1
5 308 292 3
5 308 295 1
5 309 293 3
5 309 296 1
5 310 294 3
5 310 297 1
5 311 295 3
5 311 298 1
5 312 296 3
5 312 299 1
5 313 297 3
5 313 300 1
5 314 298 3
5 314 301 1
5 315 299 3
5 315 302 1
5 316 300 3
5 316 303 1
5 317 301 3
5 317 304 1
5 318 302 3
5 318 305 1
5 319 303 3
5 319 306 1
5 320 304 3
5 320 307 1
5 321 305 3
5 321 308 1
5 322 306 3
5 322 309 1
5 323 307 3
5 323 310 1
5 324 308 3
5 324 311 1
5 325 309 3
5 325 312 1
5 326 310 3
5 326 313 1
5 327 311 3
5 327 314 1
5 328 312 3
5 328 315 1
5 329 313 3
5 329 316 1
5 330 314 3
5 330 317 1
5 331 315 3
5 331 318 1
5 332 316 3
5 332 319 1
5 333 317 3
5 333 320 1
5 334 318 3
5 334 321 1
5 335 319 3
5 335 322 1
5 336 320 3
5 336 323 1
5 337 321 3
5 337 324 1
5 338 322 3
5 338 325 1
5 339 323 3
5 339 326 1
5 340 324 3
5 340 327 1
5 341 325 3
5 341 328 1
5 342 326 3
5 342 329 1
5 343 327 3
5 343 330 1
5 344 328 3
5 344 331 1
5 345 329 3
5 345 332 1
5 346 330 3
5 346 333 1
5 347 331 3
5 347 334 1
5 348 332 3
5 348 335 1
5 349 333 3
5 349 336 1
5 350 334 3
5 350 337 1
5 351 335 3
5 351 338 1
5 352 336 4
5 353 337 4
5 354 338 4
5 355 339 4
5 356 340 4
5 357 341 4
5 358 342 4
5 359 343 4
6 0 16 1
6 1 17 1
6 2 18 1
6 3 19 1
6 4 20 1
6 5 21 1
6 6 22 1
6 7 23 1
6 8 0 2
6 9 0 2
6 10 0 2
6 11 0 2
6 12 0 2
6 13 0 2
6 14 0 2
6 15 0 1
6 15 1 1
6 16 0 1
6 16 2 1
6 17 1 1
6 17 3 1
6 18 2 1
6 18 4 1
6 19 3 1
6 19 5 1
6 20 4 1
6 20 6 1
6 21 5 1
6 21 7 1
6 22 6 1
6 22 8 1
6 23 7 1
6 23 9 1
6 24 8 1
6 24 10 1
6 25 9 1
6 25 11 1
6 26 10 1
6 26 12 1
6 27 11 1
6 27 13 1
6 28 12 1
6 28 14 1
6 29 13 1
6 29 15 1
6 30 14 1
6 30 16 1
6 31 15 1
6 31 17 1
6 32 16 1
6 32 18 1
6 33 17 1
6 33 19 1
6 34 18 1
6 34 20 1
6 35 19 1
6 35 21 1
6 36 20 1
6 36 22 1
6 37 21 1
6 37 23 1
6 38 22 1
6 38 24 1
6 39 23 1
6 39 25 1
6 40 24 1
6 40 26 1
6 41 25 1
6 41 27 1
6 42 26 1
6 42 28 1
6 43 27 1
6 43 29 1
6 44 28 1
6 44 30 1
6 45 29 1
6 45 31 1
6 46 30 1
6 46 32 1
6 47 31 1
6 47 33 1
6 48 32 1
6 48 34 1
6 49 33 1
6 49 35 1
6 50 34 1
6 50 36 1
6 51 35 1
6 51 37 1
6 52 36 1
6 52 38 1
6 53 37 1
6 53 39 1
6 54 38 1
6 54 40 1
6 55 39 1
6 55 41 1
6 56 40 1
6 56 42 1
6 57 41 1
6 57 43 1
6 58 42 1
6 58 44 1
6 59 43 1
6 59 45 1
6 60 44 1
6 60 46 1
6 61 45 1
6 61 47 1
6 62 46 1
6 62 48 1
6 63 47 1
6 63 49 1
6 64 48 1
6 64 50 1
6 65 49 1
6 65 51 1
6 66 50 1
6 66 52 1
6 67 51 1
6 67 53 1
6 68 52 1
6 68 54 1
6 69 53 1
6 69 55 1
6 70 54 1
6 70 56 1
6 71 55 1
6 71 57 1
6 72 56 1
6 72 58 1
6 73 57 1
6 73 59 1
6 74 58 1
6 74 60 1
6 75 59 1
6 75 61 1
6 76 60 1
6 76 62 1
6 77 61 1
6 77 63 1
6 78 62 1
6 78 64 1
6 79 63 1
6 79 65 1
6 80 64 1
6 80 66 1
6 81 65 1
6 81 67 1
6 82 66 1
6 82 68 1
6 83 67 1
6 83 69 1
6 84 68 1
6 84 70 1
6 85 69 1
6 85 71 1
6 86 70 1
6 86 72 1
6 87 71 1
6 87 73 1
6 88 72 1
6 88 74 1
6 89 73 1
6 89 75 1
6 90 74 1
6 90 76 1
6 91 75 1
6 91 77 1
6 92 76 1
6 92 78 1
6 93 77 1
6 93 79 1
6 94 78 1
6 94 80 1
6 95 79 1
6 95 81 1
6 96 80 1
6 96 82 1
6 97 81 1
6 97 83 1
6 98 82 1
6 98 84 1
6 99 83 1
6 99 85 1
6 100 84 1
6 100 86 1
6 101 85 1
6 101 87 1
6 102 86 1
6 102 88 1
6 103 87 1
6 103 89 1
6 104 88 1
6 104 90 1
6 105 89 1
6 105 91 1
6 106 90 1
6 106 92 1
6 107 91 1
6 107 93 1
6 108 92 1
6 108 94 1
6 109 93 1
6 109 95 1
6 110 94 1
6 110 96 1
6 111 95 1
6 111 97 1
6 112 96 1
6 112 98 1
6 113 97 1
6 113 99 1
6 114 98 1
6 114 100 1
6 115 99 1
6 115 101 1
6 116 100 1
6 116 102 1
6 117 101 1
6 117 103 1
6 118 102 1
6 118 104 1
6 119 103 1
6 119 105 1
6 120 104 1
6 120 106 1
6 121 105 1
6 121 107 1
6 122 106 1
6 122 108 1
6 123 107 1
6 123 109 1
6 124 108 1
6 124 110 1
6 125 109 1
6 125 111 1
6 126 110 1
6 126 112 1
6 127 111 1
6 127 113 1
6 128 112 1
6 128 114 1
6 129 113 1
6 129 115 1
6 130 114 1
6 130 116 1
6 131 115 1
6 131 117 1
6 132 116 1
6 132 118 1
6 133 117 1
6 133 119 1
6 134 118 1
6 134 120 1
6 135 119 1
6 135 121 1
6 136 120 1
6 136 122 1
6 137 121 1
6 137 123 1
6 138 122 1
6 138 124 1
6 139 123 1
6 139 125 1
6 140 124 1
6 140 126 1
6 141 125 1
6 141 127 1
6 142 126 1
6 142 128 1
6 143 127 1
6 143 129 1
6 144 128 1
6 144 130 1
6 145 129 1
6 145 131 1
6 146 130 1
6 146 132 1
6 147 131 1
6 147 133 1
6 148 132 1
6 148 134 1
6 149 133 1
6 149 135 1
6 150 134 1
6 150 136 1
6 151 135 1
6 151 137 1
6 152 136 1
6 152 138 1
6 153 137 1
6 153 139 1
6 154 138 1
6 154 140 1
6 155 139 1
6 155 141 1
6 156 140 1
6 156 142 1
6 157 141 1
6 157 143 1
6 158 142 1
6 158 144 1
6 159 143 1
6 159 145 1
6 160 144 1
6 160 146 1
6 161 145 1
6 161 147 1
6 162 146 1
6 162 148 1
6 163 147 1
6 163 149 1
6 164 148 1
6 164 150 1
6 165 149 1
6 165 151 1
6 166 150 1
6 166 152 1
6 167 151 1
6 167 153 1
6 168 152 1
6 168 154 1
6 169 153 1
6 169 155 1
6 170 154 1
6 170 156 1
6 171 155 1
6 171 157 1
6 172 156 1
6 172 158 1
6 173 157 1
6 173 159 1
6 174 158 1
6 174 160 1
6 175 159 1
6 175 161 1
6 176 160 1
6 176 162 1
6 177 161 1
6 177 163 1
6 178 162 1
6 178 164 1
6 179 163 1
6 179 165 1
6 180 164 1
6 180 166 1
6 181 165 1
6 181 167 1
6 182 166 1
6 182 168 1
6 183 167 1
6 183 169 1
6 184 168 1
6 184 170 1
6 185 169 1
6 185 171 1
6 186 170 1
6 186 172 1
6 187 171 1
6 187 173 1
6 188 172 1
6 188 174 1
6 189 173 1
6 189 175 1
6 190 174 1
6 190 176 1
6 191 175 1
6 191 177 1
6 192 176 1
6 192 178 1
6 193 177 1
6 193 179 1
6 194 178 1
6 194 180 1
6 195 179 1
6 195 181 1
6 196 180 1
6 196 182 1
6 197 181 1
6 197 183 1
6 198 182 1
6 198 184 1
6 199 183 1
6 199 185 1
6 200 184 1
6 200 186 1
6 201 185 1
6 201 187 1
6 202 186 1
6 202 188 1
6 203 187 1
6 203 189 1
6 204 188 1
6 204 190 1
6 205 189 1
6 205 191 1
6 206 190 1
6 206 192 1
6 207 191 1
6 207 193 1
6 208 192 1
6 208 194 1
6 209 193 1
6 209 195 1
6 210 194 1
6 210 196 1
6 211 195 1
6 211 197 1
6 212 196 1
6 212 198 1
6 213 197 1
6 213 199 1
6 214 198 1
6 214 200 1
6 215 199 1
6 215 201 1
6 216 200 1
6 216 202 1
6 217 201 1
6 217 203 1
6 218 202 1
6 218 204 1
6 219 203 1
6 219 205 1
6 220 204 1
6 220 206 1
6 221 205 1
6 221 207 1
6 222 206 1
6 222 208 1
6 223 207 1
6 223 209 1
6 224 208 1
6 224 210 1
6 225 209 1
6 225 211 1
6 226 210 1
6 226 212 1
6 227 211 1
6 227 213 1
6 228 212 1
6 228 214 1
6 229 213 1
6 229 215 1
6 230 214 1
6 230 216 1
6 231 215 1
6 231 217 1
6 232 216 1
6 232 218 1
6 233 217 1
6 233 219 1
6 234 218 1
6 234 220 1
6 235 219 1
6 235 221 1
6 236 220 1
6 236 222 1
6 237 221 1
6 237 223 1
6 238 222 1
6 238 224 1
6 239 223 1
6 239 225 1
6 240 224 1
6 240 226 1
6 241 225 1
6 241 227 1
6 242 226 1
6 242 228 1
6 243 227 1
6 243 229 1
6 244 228 2
6 245 229 2
6 246 230 2
6 247 231 2
6 248 232 2
6 249 233 2
6 250 234 2
6 251 235 2
6 252 236 2
6 253 237 2
6 254 238 2
6 255 239 2
6 256 240 2
6 257 241 2
6 258 242 2
6 259 243 2
6 260 244 2
6 261 245 2
6 262 246 2
6 263 247 2
6 264 248 2
6 265 249 2
6 266 250 2
6 267 251 2
6 268 252 2
6 269 253 2
6 270 254 2
6 271 255 2
6 272 256 2
6 273 257 2
6 274 258 2
6 275 259 2
6 276 260 2
6 277 261 2
6 278 262 2
6 279 263 2
6 280 264 2
6 281 265 2
6 282 266 2
6 283 267 2
6 284 268 2
6 285 269 2
6 286 270 2
6 287 271 2
6 288 272 2
6 289 273 2
6 290 274 2
6 291 275 2
6 292 276 2
6 293 277 2
6 294 278 2
6 295 279 2
6 296 280 2
6 297 281 2
6 298 282 2
6 299 283 2
6 300 284 2
6 301 285 2
6 302 286 2
6 303 287 2
6 304 288 2
6 305 289 2
6 306 290 2
6 307 291 2
6 308 292 2
6 309 293 2
6 310 294 2
6 311 295 2
6 312 296 2
6 313 297 2
6 314 298 2
6 315 299 2
6 316 300 2
6 317 301 2
6 318 302 2
6 319 303 2
6 320 304 2
6 321 305 2
6 322 306 2
6 323 307 2
6 324 308 2
6 325 309 2
6 326 310 2
6 327 311 2
6 328 312 2
6 329 313 2
6 330 314 2
6 331 315 2
6 332 316 2
6 333 317 2
6 334 318 2
6 335 319 2
6 336 320 2
6 337 321 2
6 338 322 2
6 339 323 2
6 340 324 2
6 341 325 2
6 342 326 2
6 343 327 2
6 344 328 2
6 345 329 2
6 346 330 2
6 347 331 2
6 348 332 2
6 349 333 2
6 350 334 2
6 351 335 2
6 352 336 2
6 353 337 2
6 354 338 2
6 355 339 2
6 356 340 2
6 357 341 2
6 358 342 2
6 359 343 2
7 0 17 1
7 1 18 1
7 2 19 1
7 3 20 1
7 4 21 1
7 5 22 1
7 6 23 1
7 7 24 1
7 8 0 1
7 9 0 1
7 10 0 1
7 11 0 1
7 12 0 1
7 13 0 1
7 14 0 1
7 15 0 1
7 16 0 1
7 17 1 1
7 18 2 1
7 19 3 1
7 20 4 1
7 21 5 1
7 22 6 1
7 23 7 1
7 24 8 1
7 25 9 1
7 26 10 1
7 27 11 1
7 28 12 1
7 29 13 1
7 30 14 1
7 31 15 1
7 32 16 1
7 33 17 1
7 34 18 1
7 35 19 1
7 36 20 1
7 37 21 1
7 38 22 1
7 39 23 1
7 40 24 1
7 41 25 1
7 42 26 1
7 43 27 1
7 44 28 1
7 45 29 1
7 46 30 1
7 47 31 1
7 48 32 1
7 49 33 1
7 50 34 1
7 51 35 1
7 52 36 1
7 53 37 1
7 54 38 1
7 55 39 1
7 56 40 1
7 57 41 1
7 58 42 1
7 59 43 1
7 60 44 1
7 61 45 1
7 62 46 1
7 63 47 1
7 64 48 1
7 65 49 1
7 66 50 1
7 67 51 1
7 68 52 1
7 69 53 1
7 70 54 1
7 71 55 1
7 72 56 1
7 73 57 1
7 74 58 1
7 75 59 1
7 76 60 1
7 77 61 1
7 78 62 1
7 79 63 1
7 80 64 1
7 81 65 1
7 82 66 1
7 83 67 1
7 84 68 1
7 85 69 1
7 86 70 1
7 87 71 1
7 88 72 1
7 89 73 1
7 90 74 1
7 91 75 1
7 92 76 1
7 93 77 1
7 94 78 1
7 95 79 1
7 96 80 1
7 97 81 1
7 98 82 1
7 99 83 1
7 100 84 1
7 101 85 1
7 102 86 1
7 103 87 1
7 104 88 1
7 105 89 1
7 106 90 1
7 107 91 1
7 108 92 1
7 109 93 1
7 110 94 1
7 111 95 1
7 112 96 1
7 113 97 1
7 114 98 1
7 115 99 1
7 116 100 1
7 117 101 1
7 118 102 1
7 119 103 1
7 120 104 1
7 121 105 1
7 122 106 1
7 123 107 1
7 124 108 1
7 125 109 1
7 126 110 1
7 127 111 1
7 128 112 1
7 129 113 1
7 130 114 1
7 131 115 1
7 132 116 1
7 133 117 1
7 134 118 1
7 135 119 1
7 136 120 1
7 137 121 1
7 138 122 1
7 139 123 1
7 140 124 1
7 141 125 1
7 142 126 1
7 143 127 1
7 144 128 1
7 145 129 1
7 146 130 1
7 147 131 1
7 148 132 1
7 149 133 1
7 150 134 1
7 151 135 1
7 152 136 1
7 153 137 1
7 154 138 1
7 155 139 1
7 156 140 1
7 157 141 1
7 158 142 1
7 159 143 1
7 160 144 1
7 161 145 1
7 162 146 1
7 163 147 1
7 164 148 1
7 165 149 1
7 166 150 1
7 167 151 1
7 168 152 1
7 169 153 1
7 170 154 1
7 171 155 1
7 172 156 1
7 173 157 1
7 174 158 1
7 175 159 1
7 176 160 1
7 177 161 1
7 178 162 1
7 179 163 1
7 180 164 1
7 181 165 1
7 182 166 1
7 183 167 1
7 184 168 1
7 185 169 1
7 186 170 1
7 187 171 1
7 188 172 1
7 189 173 1
7 190 174 1
7 191 175 1
7 192 176 1
7 193 177 1
7 194 178 1
7 195 179 1
7 196 180 1
7 197 181 1
7 198 182 1
7 199 183 1
7 200 184 1
7 201 185 1
7 202 186 1
7 203 187 1
7 204 188 1
7 205 189 1
7 206 190 1
7 207 191 1
7 208 192 1
7 209 193 1
7 210 194 1
7 211 195 1
7 212 196 1
7 213 197 1
7 214 198 1
7 215 199 1
7 216 200 1
7 217 201 1
7 218 202 1
7 219 203 1
7 220 204 1
7 221 205 1
7 222 206 1
7 223 207 1
7 224 208 1
7 225 209 1
7 226 210 1
7 227 211 1
7 228 212 1
7 229 213 1
7 230 214 1
7 231 215 1
7 232 216 1
7 233 217 1
7 234 218 1
7 235 219 1
7 236 220 1
7 237 221 1
7 238 222 1
7 239 223 1
7 240 224 1
7 241 225 1
7 242 226 1
7 243 227 1
7 244 228 1
7 245 229 1
7 246 230 1
7 247 231 1
7 248 232 1
7 249 233 1
7 250 234 1
7 251 235 1
7 252 236 1
7 253 237 1
7 254 238 1
7 255 239 1
7 256 240 1
7 257 241 1
7 258 242 1
7 259 243 1
7 260 244 1
7 261 245 1
7 262 246 1
7 263 247 1
7 264 248 1
7 265 249 1
7 266 250 1
7 267 251 1
7 268 252 1
7 269 253 1
7 270 254 1
7 271 255 1
7 272 256 1
7 273 257 1
7 274 258 1
7 275 259 1
7 276 260 1
7 277 261 1
7 278 262 1
7 279 263 1
7 280 264 1
7 281 265 1
7 282 266 1
7 283 267 1
7 284 268 1
7 285 269 1
7 286 270 1
7 287 271 1
7 288 272 1
7 289 273 1
7 290 274 1
7 291 275 1
7 292 276 1
7 293 277 1
7 294 278 1
7 295 279 1
7 296 280 1
7 297 281 1
7 298 282 1
7 299 283 1
7 300 284 1
7 301 285 1
7 302 286 1
7 303 287 1
7 304 288 1
7 305 289 1
7 306 290 1
7 307 291 1
7 308 292 1
7 309 293 1
7 310 294 1
7 311 295 1
7 312 296 1
7 313 297 1
7 314 298 1
7 315 299 1
7 316 300 1
7 317 301 1
7 318 302 1
7 319 303 1
7 320 304 1
7 321 305 1
7 322 306 1
7 323 307 1
7 324 308 1
7 325 309 1
7 326 310 1
7 327 311 1
7 328 312 1
7 329 313 1
7 330 314 1
7 331 315 1
7 332 316 1
7 333 317 1
7 334 318 1
7 335 319 1
7 336 320 1
7 337 321 1
7 338 322 1
7 339 323 1
7 340 324 1
7 341 325 1
7 342 326 1
7 343 327 1
7 344 328 1
7 345 329 1
7 346 330 1
7 347 331 1
7 348 332 1
7 349 333 1
7 350 334 1
7 351 335 1
7 352 336 1
7 353 337 1
7 354 338 1
7 355 339 1
7 356 340 1
7 357 341 1
7 358 342 1
7 359 343 1