7 360 6772
0 0 16 1
0 1 17 1
0 2 18 1
0 3 19 1
0 4 20 1
0 5 21 1
0 6 22 1
0 7 23 1
0 8 24 1
0 9 25 1
0 10 26 1
0 11 27 1
0 12 28 1
0 13 29 1
0 14 30 1
0 15 31 1
0 16 32 1
0 17 33 1
0 18 34 1
0 19 35 1
0 20 36 1
0 21 37 1
0 22 38 1
0 23 39 1
0 24 40 1
0 25 41 1
0 26 42 1
0 27 43 1
0 28 44 1
0 29 45 1
0 30 46 1
0 31 47 1
0 32 48 1
0 33 49 1
0 34 50 1
0 35 51 1
0 36 52 1
0 37 53 1
0 38 54 1
0 39 55 1
0 40 56 1
0 41 57 1
0 42 58 1
0 43 59 1
0 44 60 1
0 45 61 1
0 46 62 1
0 47 63 1
0 48 64 1
0 49 65 1
0 50 66 1
0 51 67 1
0 52 68 1
0 53 69 1
0 54 70 1
0 55 71 1
0 56 72 1
0 57 73 1
0 58 74 1
0 59 75 1
0 60 76 1
0 61 77 1
0 62 78 1
0 63 79 1
0 64 80 1
0 65 81 1
0 66 82 1
0 67 83 1
0 68 84 1
0 69 85 1
0 70 86 1
0 71 87 1
0 72 88 1
0 73 89 1
0 74 90 1
0 75 91 1
0 76 92 1
0 77 93 1
0 78 94 1
0 79 95 1
0 80 96 1
0 81 97 1
0 82 98 1
0 83 99 1
0 84 100 1
0 85 101 1
0 86 102 1
0 87 103 1
0 88 104 1
0 89 105 1
0 90 106 1
0 91 107 1
0 92 108 1
0 93 109 1
0 94 110 1
0 95 111 1
0 96 112 1
0 97 113 1
0 98 114 1
0 99 115 1
0 100 116 1
0 101 117 1
0 102 118 1
0 103 119 1
0 104 120 1
0 105 121 1
0 106 122 1
0 107 123 1
0 108 124 1
0 109 125 1
0 110 126 1
0 111 127 1
0 112 128 1
0 113 129 1
0 114 130 1
0 115 131 1
0 116 132 1
0 117 133 1
0 118 134 1
0 119 135 1
0 120 136 1
0 121 137 1
0 122 138 1
0 123 139 1
0 124 140 1
0 125 141 1
0 126 142 1
0 127 143 1
0 128 144 1
0 129 145 1
0 130 146 1
0 131 147 1
0 132 148 1
0 133 149 1
0 134 150 1
0 135 151 1
0 136 152 1
0 137 153 1
0 138 154 1
0 139 155 1
0 140 156 1
0 141 157 1
0 142 158 1
0 143 159 1
0 144 160 1
0 145 161 1
0 146 162 1
0 147 163 1
0 148 164 1
0 149 165 1
0 150 166 1
0 151 167 1
0 152 168 1
0 153 169 1
0 154 170 1
0 155 171 1
0 156 172 1
0 157 173 1
0 158 174 1
0 159 175 1
0 160 176 1
0 161 177 1
0 162 178 1
0 163 179 1
0 164 180 1
0 165 181 1
0 166 182 1
0 167 183 1
0 168 184 1
0 169 185 1
0 170 186 1
0 171 187 1
0 172 188 1
0 173 189 1
0 174 190 1
0 175 191 1
0 176 192 1
0 177 193 1
0 178 194 1
0 179 195 1
0 180 196 1
0 181 197 1
0 182 198 1
0 183 199 1
0 184 200 1
0 185 201 1
0 186 202 1
0 187 203 1
0 188 204 1
0 189 205 1
0 190 206 1
0 191 207 1
0 192 208 1
0 193 209 1
0 194 210 1
0 195 211 1
0 196 212 1
0 197 213 1
0 198 214 1
0 199 215 1
0 200 216 1
0 201 217 1
0 202 218 1
0 203 219 1
0 204 220 1
0 205 221 1
0 206 222 1
0 207 223 1
0 208 224 1
0 209 225 1
0 210 226 1
0 211 227 1
0 212 228 1
0 213 229 1
0 214 230 1
0 215 231 1
0 216 232 1
0 217 233 1
0 218 234 1
0 219 235 1
0 220 236 1
0 221 237 1
0 222 238 1
0 223 239 1
0 224 240 1
0 225 241 1
0 226 242 1
0 227 243 1
0 228 244 1
0 229 245 1
0 230 246 1
0 231 247 1
0 232 248 1
0 233 249 1
0 234 250 1
0 235 251 1
0 236 252 1
0 237 253 1
0 238 254 1
0 239 255 1
0 240 256 1
0 241 257 1
0 242 258 1
0 243 259 1
0 244 260 1
0 245 261 1
0 246 262 1
0 247 263 1
0 248 264 1
0 249 265 1
0 250 266 1
0 251 267 1
0 252 268 1
0 253 269 1
0 254 270 1
0 255 271 1
0 256 272 1
0 257 273 1
0 258 274 1
0 259 275 1
0 260 276 1
0 261 277 1
0 262 278 1
0 263 279 1
0 264 280 1
0 265 281 1
0 266 282 1
0 267 283 1
0 268 284 1
0 269 285 1
0 270 286 1
0 271 287 1
0 272 288 1
0 273 289 1
0 274 290 1
0 275 291 1
0 276 264 1
0 276 292 1
0 277 265 1
0 277 293 1
0 278 266 1
0 278 294 1
0 279 267 1
0 279 295 1
0 280 268 1
0 280 296 1
0 281 269 1
0 281 297 1
0 282 270 1
0 282 298 1
0 283 271 1
0 283 299 1
0 284 272 1
0 284 300 1
0 285 273 1
0 285 301 1
0 286 274 1
0 286 302 1
0 287 275 1
0 287 303 1
0 288 276 1
0 288 304 1
0 289 277 1
0 289 305 1
0 290 278 1
0 290 306 1
0 291 279 1
0 291 307 1
0 292 280 1
0 292 308 1
0 293 281 1
0 293 309 1
0 294 282 1
0 294 310 1
0 295 283 1
0 295 311 1
0 296 284 1
0 296 312 1
0 297 285 1
0 297 313 1
0 298 286 1
0 298 314 1
0 299 287 1
0 299 315 1
0 300 288 1
0 300 316 1
0 301 289 1
0 301 317 1
0 302 290 1
0 302 318 1
0 303 291 1
0 303 319 1
0 304 292 1
0 304 320 1
0 305 293 1
0 305 321 1
0 306 294 1
0 306 322 1
0 307 295 1
0 307 323 1
0 308 296 1
0 308 324 1
0 309 297 1
0 309 325 1
0 310 298 1
0 310 326 1
0 311 299 1
0 311 327 1
0 312 300 1
0 312 328 1
0 313 301 1
0 313 329 1
0 314 302 1
0 314 330 1
0 315 303 1
0 315 331 1
0 316 304 1
0 316 332 1
0 317 305 1
0 317 333 1
0 318 306 1
0 318 334 1
0 319 307 1
0 319 335 1
0 320 308 1
0 320 336 1
0 321 309 1
0 321 337 1
0 322 310 1
0 322 338 1
0 323 311 1
0 323 339 1
0 324 312 1
0 324 340 1
0 325 313 1
0 325 341 1
0 326 314 1
0 326 342 1
0 327 315 1
0 327 343 1
0 328 316 1
0 328 344 1
0 329 317 1
0 329 345 1
0 330 318 1
0 330 346 1
0 331 319 1
0 331 347 1
0 332 320 1
0 332 348 1
0 333 321 1
0 333 349 1
0 334 322 1
0 334 350 1
0 335 323 1
0 335 351 1
0 336 324 1
0 336 352 1
0 337 325 1
0 337 353 1
0 338 326 1
0 338 354 1
0 339 327 1
0 339 355 1
0 340 328 1
0 340 356 1
0 341 329 1
0 341 357 1
0 342 330 1
0 342 358 1
0 343 331 1
0 343 359 1
0 344 332 1
0 344 359 1
0 345 333 1
0 345 359 1
0 346 334 1
0 346 359 1
0 347 335 1
0 347 359 1
0 348 336 1
0 348 359 1
0 349 337 1
0 349 359 1
0 350 338 1
0 350 359 1
0 351 339 1
0 351 359 1
0 352 335 1
0 352 336 28
0 352 337 35
0 352 338 56
0 352 339 7
0 352 340 1
0 353 336 1
0 353 337 28
0 353 338 35
0 353 339 56
0 353 340 7
0 353 341 1
0 354 337 1
0 354 338 28
0 354 339 35
0 354 340 56
0 354 341 7
0 354 342 1
0 355 338 1
0 355 339 28
0 355 340 35
0 355 341 56
0 355 342 7
0 355 343 1
0 356 339 1
0 356 340 28
0 356 341 35
0 356 342 56
0 356 343 7
0 356 344 1
0 357 340 1
0 357 341 28
0 357 342 35
0 357 343 56
0 357 344 7
0 357 345 1
0 358 341 1
0 358 342 28
0 358 343 35
0 358 344 56
0 358 345 7
0 358 346 1
0 359 342 1
0 359 343 28
0 359 344 35
0 359 345 56
0 359 346 7
0 359 347 1
1 0 16 1
1 1 17 1
1 2 18 1
1 3 19 1
1 4 20 1
1 5 21 1
1 6 22 1
1 7 23 1
1 8 0 1
1 8 24 1
1 9 0 1
1 9 25 1
1 10 0 1
1 10 26 1
1 11 0 1
1 11 27 1
1 12 0 1
1 12 28 1
1 13 1 1
1 13 29 1
1 14 2 1
1 14 30 1
1 15 3 1
1 15 31 1
1 16 4 1
1 16 32 1
1 17 5 1
1 17 33 1
1 18 6 1
1 18 34 1
1 19 7 1
1 19 35 1
1 20 8 1
1 20 36 1
1 21 9 1
1 21 37 1
1 22 10 1
1 22 38 1
1 23 11 1
1 23 39 1
1 24 12 1
1 24 40 1
1 25 13 1
1 25 41 1
1 26 14 1
1 26 42 1
1 27 15 1
1 27 43 1
1 28 16 1
1 28 44 1
1 29 17 1
1 29 45 1
1 30 18 1
1 30 46 1
1 31 19 1
1 31 47 1
1 32 20 1
1 32 48 1
1 33 21 1
1 33 49 1
1 34 22 1
1 34 50 1
1 35 23 1
1 35 51 1
1 36 24 1
1 36 52 1
1 37 25 1
1 37 53 1
1 38 26 1
1 38 54 1
1 39 27 1
1 39 55 1
1 40 28 1
1 40 56 1
1 41 29 1
1 41 57 1
1 42 30 1
1 42 58 1
1 43 31 1
1 43 59 1
1 44 32 1
1 44 60 1
1 45 33 1
1 45 61 1
1 46 34 1
1 46 62 1
1 47 35 1
1 47 63 1
1 48 36 1
1 48 64 1
1 49 37 1
1 49 65 1
1 50 38 1
1 50 66 1
1 51 39 1
1 51 67 1
1 52 40 1
1 52 68 1
1 53 41 1
1 53 69 1
1 54 42 1
1 54 70 1
1 55 43 1
1 55 71 1
1 56 44 1
1 56 72 1
1 57 45 1
1 57 73 1
1 58 46 1
1 58 74 1
1 59 47 1
1 59 75 1
1 60 48 1
1 60 76 1
1 61 49 1
1 61 77 1
1 62 50 1
1 62 78 1
1 63 51 1
1 63 79 1
1 64 52 1
1 64 80 1
1 65 53 1
1 65 81 1
1 66 54 1
1 66 82 1
1 67 55 1
1 67 83 1
1 68 56 1
1 68 84 1
1 69 57 1
1 69 85 1
1 70 58 1
1 70 86 1
1 71 59 1
1 71 87 1
1 72 60 1
1 72 88 1
1 73 61 1
1 73 89 1
1 74 62 1
1 74 90 1
1 75 63 1
1 75 91 1
1 76 64 1
1 76 92 1
1 77 65 1
1 77 93 1
1 78 66 1
1 78 94 1
1 79 67 1
1 79 95 1
1 80 68 1
1 80 96 1
1 81 69 1
1 81 97 1
1 82 70 1
1 82 98 1
1 83 71 1
1 83 99 1
1 84 72 1
1 84 100 1
1 85 73 1
1 85 101 1
1 86 74 1
1 86 102 1
1 87 75 1
1 87 103 1
1 88 76 1
1 88 104 1
1 89 77 1
1 89 105 1
1 90 78 1
1 90 106 1
1 91 79 1
1 91 107 1
1 92 80 1
1 92 108 1
1 93 81 1
1 93 109 1
1 94 82 1
1 94 110 1
1 95 83 1
1 95 111 1
1 96 84 1
1 96 112 1
1 97 85 1
1 97 113 1
1 98 86 1
1 98 114 1
1 99 87 1
1 99 115 1
1 100 88 1
1 100 116 1
1 101 89 1
1 101 117 1
1 102 90 1
1 102 118 1
1 103 91 1
1 103 119 1
1 104 92 1
1 104 120 1
1 105 93 1
1 105 121 1
1 106 94 1
1 106 122 1
1 107 95 1
1 107 123 1
1 108 96 1
1 108 124 1
1 109 97 1
1 109 125 1
1 110 98 1
1 110 126 1
1 111 99 1
1 111 127 1
1 112 100 1
1 112 128 1
1 113 101 1
1 113 129 1
1 114 102 1
1 114 130 1
1 115 103 1
1 115 131 1
1 116 103 6
1 116 104 1
1 116 130 1
1 117 104 6
1 117 105 1
1 117 131 1
1 118 105 6
1 118 106 1
1 118 132 1
1 119 106 6
1 119 107 1
1 119 133 1
1 120 107 6
1 120 108 1
1 120 134 1
1 121 108 6
1 121 109 1
1 121 135 1
1 122 109 6
1 122 110 1
1 122 136 1
1 123 110 6
1 123 111 1
1 123 137 1
1 124 111 6
1 124 112 1
1 124 138 1
1 125 112 6
1 125 113 1
1 125 139 1
1 126 113 6
1 126 114 1
1 126 140 1
1 127 114 6
1 127 115 1
1 127 141 1
1 128 115 6
1 128 116 1
1 128 142 1
1 129 116 6
1 129 117 1
1 129 143 1
1 130 117 6
1 130 118 1
1 130 144 1
1 131 118 6
1 131 119 1
1 131 145 1
1 132 119 6
1 132 120 1
1 132 146 1
1 133 120 6
1 133 121 1
1 133 147 1
1 134 121 6
1 134 122 1
1 134 148 1
1 135 122 6
1 135 123 1
1 135 149 1
1 136 123 6
1 136 124 1
1 136 150 1
1 137 124 6
1 137 125 1
1 137 151 1
1 138 125 6
1 138 126 1
1 138 152 1
1 139 126 6
1 139 127 1
1 139 153 1
1 140 127 6
1 140 128 1
1 140 154 1
1 141 128 6
1 141 129 1
1 141 155 1
1 142 129 6
1 142 130 1
1 142 156 1
1 143 130 6
1 143 131 1
1 143 157 1
1 144 131 6
1 144 132 1
1 144 158 1
1 145 132 6
1 145 133 1
1 145 159 1
1 146 133 6
1 146 134 1
1 146 160 1
1 147 134 6
1 147 135 1
1 147 161 1
1 148 135 6
1 148 136 1
1 148 162 1
1 149 136 6
1 149 137 1
1 149 163 1
1 150 137 6
1 150 138 1
1 150 164 1
1 151 138 6
1 151 139 1
1 151 165 1
1 152 139 6
1 152 140 1
1 152 166 1
1 153 140 6
1 153 141 1
1 153 167 1
1 154 141 6
1 154 142 1
1 154 168 1
1 155 142 6
1 155 143 1
1 155 169 1
1 156 143 6
1 156 144 1
1 156 170 1
1 157 144 6
1 157 145 1
1 157 171 1
1 158 145 6
1 158 146 1
1 158 172 1
1 159 146 6
1 159 147 1
1 159 173 1
1 160 147 6
1 160 148 1
1 160 174 1
1 161 148 6
1 161 149 1
1 161 175 1
1 162 149 6
1 162 150 1
1 162 176 1
1 163 150 6
1 163 151 1
1 163 177 1
1 164 151 6
1 164 152 1
1 164 178 1
1 165 152 6
1 165 153 1
1 165 179 1
1 166 153 6
1 166 154 1
1 166 180 1
1 167 154 6
1 167 155 1
1 167 181 1
1 168 155 6
1 168 156 1
1 168 182 1
1 169 156 6
1 169 157 1
1 169 183 1
1 170 157 6
1 170 158 1
1 170 184 1
1 171 158 6
1 171 159 1
1 171 185 1
1 172 159 6
1 172 160 1
1 172 186 1
1 173 160 6
1 173 161 1
1 173 187 1
1 174 161 6
1 174 162 1
1 174 188 1
1 175 162 6
1 175 163 1
1 175 189 1
1 176 163 6
1 176 164 1
1 176 190 1
1 177 164 6
1 177 165 1
1 177 191 1
1 178 165 6
1 178 166 1
1 178 192 1
1 179 166 6
1 179 167 1
1 179 193 1
1 180 167 6
1 180 168 1
1 180 194 1
1 181 168 6
1 181 169 1
1 181 195 1
1 182 169 6
1 182 170 1
1 182 196 1
1 183 170 6
1 183 171 1
1 183 197 1
1 184 171 6
1 184 172 1
1 184 198 1
1 185 172 6
1 185 173 1
1 185 199 1
1 186 173 6
1 186 174 1
1 186 200 1
1 187 174 6
1 187 175 1
1 187 201 1
1 188 175 6
1 188 176 1
1 188 202 1
1 189 176 6
1 189 177 1
1 189 203 1
1 190 177 6
1 190 178 1
1 190 204 1
1 191 178 6
1 191 179 1
1 191 205 1
1 192 179 6
1 192 180 1
1 192 206 1
1 193 180 6
1 193 181 1
1 193 207 1
1 194 181 6
1 194 182 1
1 194 208 1
1 195 182 6
1 195 183 1
1 195 209 1
1 196 183 6
1 196 184 1
1 196 210 1
1 197 184 6
1 197 185 1
1 197 211 1
1 198 185 6
1 198 186 1
1 198 212 1
1 199 186 6
1 199 187 1
1 199 213 1
1 200 187 6
1 200 188 1
1 200 214 1
1 201 188 6
1 201 189 1
1 201 215 1
1 202 189 6
1 202 190 1
1 202 216 1
1 203 190 6
1 203 191 1
1 203 217 1
1 204 191 6
1 204 192 1
1 204 218 1
1 205 192 6
1 205 193 1
1 205 219 1
1 206 193 6
1 206 194 1
1 206 220 1
1 207 194 6
1 207 195 1
1 207 221 1
1 208 195 6
1 208 196 1
1 208 222 1
1 209 196 6
1 209 197 1
1 209 223 1
1 210 197 6
1 210 198 1
1 210 224 1
1 211 198 6
1 211 199 1
1 211 225 1
1 212 199 6
1 212 200 1
1 212 226 1
1 213 200 6
1 213 201 1
1 213 227 1
1 214 201 6
1 214 202 1
1 214 228 1
1 215 202 6
1 215 203 1
1 215 229 1
1 216 203 6
1 216 204 1
1 216 230 1
1 217 204 6
1 217 205 1
1 217 231 1
1 218 205 6
1 218 206 1
1 218 232 1
1 219 206 6
1 219 207 1
1 219 233 1
1 220 207 6
1 220 208 1
1 220 234 1
1 221 208 6
1 221 209 1
1 221 235 1
1 222 209 6
1 222 210 1
1 222 236 1
1 223 210 6
1 223 211 1
1 223 237 1
1 224 211 6
1 224 212 1
1 224 238 1
1 225 212 6
1 225 213 1
1 225 239 1
1 226 213 6
1 226 214 1
1 226 240 1
1 227 214 6
1 227 215 1
1 227 241 1
1 228 215 6
1 228 216 1
1 228 242 1
1 229 216 6
1 229 217 1
1 229 243 1
1 230 217 6
1 230 218 1
1 230 244 1
1 231 218 6
1 231 219 1
1 231 245 1
1 232 219 6
1 232 220 1
1 232 246 1
1 233 220 6
1 233 221 1
1 233 247 1
1 234 221 6
1 234 222 1
1 234 248 1
1 235 222 6
1 235 223 1
1 235 249 1
1 236 223 6
1 236 224 1
1 236 250 1
1 237 224 6
1 237 225 1
1 237 251 1
1 238 225 6
1 238 226 1
1 238 252 1
1 239 226 6
1 239 227 1
1 239 253 1
1 240 227 6
1 240 228 1
1 240 254 1
1 241 228 6
1 241 229 1
1 241 255 1
1 242 229 6
1 242 230 1
1 242 256 1
1 243 230 6
1 243 231 1
1 243 257 1
1 244 231 6
1 244 232 1
1 244 258 1
1 245 232 6
1 245 233 1
1 245 259 1
1 246 233 6
1 246 234 1
1 246 260 1
1 247 234 6
1 247 235 1
1 247 261 1
1 248 235 6
1 248 236 1
1 248 262 1
1 249 236 6
1 249 237 1
1 249 263 1
1 250 237 6
1 250 238 1
1 250 264 1
1 251 238 6
1 251 239 1
1 251 265 1
1 252 239 6
1 252 240 1
1 252 266 1
1 253 240 6
1 253 241 1
1 253 267 1
1 254 241 6
1 254 242 1
1 254 268 1
1 255 242 6
1 255 243 1
1 255 269 1
1 256 243 6
1 256 244 1
1 256 270 1
1 257 244 6
1 257 245 1
1 257 271 1
1 258 245 6
1 258 246 1
1 258 272 1
1 259 246 6
1 259 247 1
1 259 273 1
1 260 247 6
1 260 248 1
1 260 274 1
1 261 248 6
1 261 249 1
1 261 275 1
1 262 249 6
1 262 250 1
1 262 276 1
1 263 250 6
1 263 251 1
1 263 277 1
1 264 251 6
1 264 252 1
1 264 278 1
1 265 252 6
1 265 253 1
1 265 279 1
1 266 253 6
1 266 254 1
1 266 280 1
1 267 254 6
1 267 255 1
1 267 281 1
1 268 255 6
1 268 256 1
1 268 282 1
1 269 256 6
1 269 257 1
1 269 283 1
1 270 257 6
1 270 258 1
1 270 284 1
1 271 258 6
1 271 259 1
1 271 285 1
1 272 259 6
1 272 260 1
1 272 286 1
1 273 260 6
1 273 261 1
1 273 287 1
1 274 261 6
1 274 262 1
1 274 288 1
1 275 262 6
1 275 263 1
1 275 289 1
1 276 263 6
1 276 264 1
1 276 290 1
1 277 264 6
1 277 265 1
1 277 291 1
1 278 265 6
1 278 266 1
1 278 292 1
1 279 266 6
1 279 267 1
1 279 293 1
1 280 267 6
1 280 268 1
1 280 294 1
1 281 268 6
1 281 269 1
1 281 295 1
1 282 269 6
1 282 270 1
1 282 296 1
1 283 270 6
1 283 271 1
1 283 297 1
1 284 271 6
1 284 272 1
1 284 298 1
1 285 272 6
1 285 273 1
1 285 299 1
1 286 273 6
1 286 274 1
1 286 300 1
1 287 274 6
1 287 275 1
1 287 301 1
1 288 275 6
1 288 276 1
1 288 302 1
1 289 276 6
1 289 277 1
1 289 303 1
1 290 277 6
1 290 278 1
1 290 304 1
1 291 278 6
1 291 279 1
1 291 305 1
1 292 279 6
1 292 280 1
1 292 306 1
1 293 280 6
1 293 281 1
1 293 307 1
1 294 281 6
1 294 282 1
1 294 308 1
1 295 282 6
1 295 283 1
1 295 309 1
1 296 283 6
1 296 284 1
1 296 310 1
1 297 284 6
1 297 285 1
1 297 311 1
1 298 285 6
1 298 286 1
1 298 312 1
1 299 286 6
1 299 287 1
1 299 313 1
1 300 287 6
1 300 288 1
1 300 314 1
1 301 288 6
1 301 289 1
1 301 315 1
1 302 289 6
1 302 290 1
1 302 316 1
1 303 290 6
1 303 291 1
1 303 317 1
1 304 291 6
1 304 292 1
1 304 318 1
1 305 292 6
1 305 293 1
1 305 319 1
1 306 293 6
1 306 294 1
1 306 320 1
1 307 294 6
1 307 295 1
1 307 321 1
1 308 295 6
1 308 296 1
1 308 322 1
1 309 296 6
1 309 297 1
1 309 323 1
1 310 297 6
1 310 298 1
1 310 324 1
1 311 298 6
1 311 299 1
1 311 325 1
1 312 299 6
1 312 300 1
1 312 326 1
1 313 300 6
1 313 301 1
1 313 327 1
1 314 301 6
1 314 302 1
1 314 328 1
1 315 302 6
1 315 303 1
1 315 329 1
1 316 303 6
1 316 304 1
1 316 330 1
1 317 304 6
1 317 305 1
1 317 331 1
1 318 305 6
1 318 306 1
1 318 332 1
1 319 306 6
1 319 307 1
1 319 333 1
1 320 307 6
1 320 308 1
1 320 334 1
1 321 308 6
1 321 309 1
1 321 335 1
1 322 309 6
1 322 310 1
1 322 336 1
1 323 310 6
1 323 311 1
1 323 337 1
1 324 311 6
1 324 312 1
1 324 338 1
1 325 312 6
1 325 313 1
1 325 339 1
1 326 313 6
1 326 314 1
1 326 340 1
1 327 314 6
1 327 315 1
1 327 341 1
1 328 315 6
1 328 316 1
1 328 342 1
1 329 316 6
1 329 317 1
1 329 343 1
1 330 317 6
1 330 318 1
1 330 344 1
1 331 318 6
1 331 319 1
1 331 345 1
1 332 319 6
1 332 320 1
1 332 346 1
1 333 320 6
1 333 321 1
1 333 347 1
1 334 321 6
1 334 322 1
1 334 348 1
1 335 322 6
1 335 323 1
1 335 349 1
1 336 323 6
1 336 324 1
1 336 350 1
1 337 324 6
1 337 325 1
1 337 351 1
1 338 325 6
1 338 326 1
1 338 352 1
1 339 326 6
1 339 327 1
1 339 353 1
1 340 327 6
1 340 328 1
1 340 354 1
1 341 328 6
1 341 329 1
1 341 355 1
1 342 329 6
1 342 330 1
1 342 356 1
1 343 330 6
1 343 331 1
1 343 357 1
1 344 331 6
1 344 332 1
1 344 358 1
1 345 332 6
1 345 333 1
1 345 359 1
1 346 333 6
1 346 334 1
1 346 359 1
1 347 334 6
1 347 335 1
1 347 359 1
1 348 335 6
1 348 336 1
1 348 359 1
1 349 336 6
1 349 337 1
1 349 359 1
1 350 337 6
1 350 338 1
1 350 359 1
1 351 338 6
1 351 339 1
1 351 359 1
1 352 336 7
1 352 337 15
1 352 338 35
1 352 339 6
1 352 340 1
1 353 337 7
1 353 338 15
1 353 339 35
1 353 340 6
1 353 341 1
1 354 338 7
1 354 339 15
1 354 340 35
1 354 341 6
1 354 342 1
1 355 339 7
1 355 340 15
1 355 341 35
1 355 342 6
1 355 343 1
1 356 340 7
1 356 341 15
1 356 342 35
1 356 343 6
1 356 344 1
1 357 341 7
1 357 342 15
1 357 343 35
1 357 344 6
1 357 345 1
1 358 342 7
1 358 343 15
1 358 344 35
1 358 345 6
1 358 346 1
1 359 343 7
1 359 344 15
1 359 345 35
1 359 346 6
1 359 347 1
2 0 16 1
2 1 17 1
2 2 18 1
2 3 19 1
2 4 20 1
2 5 21 1
2 6 22 1
2 7 23 1
2 8 0 6
2 8 21 1
2 9 0 6
2 9 22 1
2 10 0 6
2 10 23 1
2 11 0 6
2 11 24 1
2 12 0 6
2 12 25 1
2 13 1 6
2 13 26 1
2 14 2 6
2 14 27 1
2 15 3 6
2 15 28 1
2 16 4 6
2 16 29 1
2 17 5 6
2 17 30 1
2 18 6 6
2 18 31 1
2 19 7 6
2 19 32 1
2 20 8 6
2 20 33 1
2 21 9 6
2 21 34 1
2 22 10 6
2 22 35 1
2 23 11 6
2 23 36 1
2 24 12 6
2 24 37 1
2 25 13 6
2 25 38 1
2 26 14 6
2 26 39 1
2 27 15 6
2 27 40 1
2 28 16 6
2 28 41 1
2 29 17 6
2 29 42 1
2 30 18 6
2 30 43 1
2 31 19 6
2 31 44 1
2 32 20 6
2 32 45 1
2 33 21 6
2 33 46 1
2 34 22 6
2 34 47 1
2 35 23 6
2 35 48 1
2 36 24 6
2 36 49 1
2 37 25 6
2 37 50 1
2 38 26 6
2 38 51 1
2 39 27 6
2 39 52 1
2 40 28 6
2 40 53 1
2 41 29 6
2 41 54 1
2 42 30 6
2 42 55 1
2 43 31 6
2 43 56 1
2 44 32 6
2 44 57 1
2 45 33 6
2 45 58 1
2 46 34 6
2 46 59 1
2 47 35 6
2 47 60 1
2 48 36 6
2 48 61 1
2 49 37 6
2 49 62 1
2 50 38 6
2 50 63 1
2 51 39 6
2 51 64 1
2 52 40 6
2 52 65 1
2 53 41 6
2 53 66 1
2 54 42 6
2 54 67 1
2 55 43 6
2 55 68 1
2 56 44 6
2 56 69 1
2 57 45 6
2 57 70 1
2 58 46 6
2 58 71 1
2 59 47 6
2 59 72 1
2 60 48 6
2 60 73 1
2 61 49 6
2 61 74 1
2 62 50 6
2 62 75 1
2 63 51 6
2 63 76 1
2 64 52 6
2 64 77 1
2 65 53 6
2 65 78 1
2 66 54 6
2 66 79 1
2 67 55 6
2 67 80 1
2 68 56 6
2 68 81 1
2 69 57 6
2 69 82 1
2 70 58 6
2 70 83 1
2 71 59 6
2 71 84 1
2 72 60 6
2 72 85 1
2 73 61 6
2 73 86 1
2 74 62 6
2 74 87 1
2 75 63 6
2 75 88 1
2 76 64 6
2 76 89 1
2 77 65 6
2 77 90 1
2 78 66 6
2 78 91 1
2 79 67 6
2 79 92 1
2 80 68 6
2 80 93 1
2 81 69 6
2 81 94 1
2 82 70 6
2 82 95 1
2 83 71 6
2 83 96 1
2 84 72 6
2 84 97 1
2 85 73 6
2 85 98 1
2 86 74 6
2 86 99 1
2 87 75 6
2 87 100 1
2 88 76 6
2 88 101 1
2 89 77 6
2 89 102 1
2 90 78 6
2 90 103 1
2 91 79 6
2 91 104 1
2 92 80 6
2 92 105 1
2 93 81 6
2 93 106 1
2 94 82 6
2 94 107 1
2 95 83 6
2 95 108 1
2 96 84 6
2 96 109 1
2 97 85 6
2 97 110 1
2 98 86 6
2 98 111 1
2 99 87 6
2 99 112 1
2 100 88 6
2 100 113 1
2 101 89 6
2 101 114 1
2 102 90 6
2 102 115 1
2 103 91 6
2 103 116 1
2 104 92 6
2 104 117 1
2 105 93 6
2 105 118 1
2 106 94 6
2 106 119 1
2 107 95 6
2 107 120 1
2 108 96 6
2 108 121 1
2 109 97 6
2 109 122 1
2 110 98 6
2 110 123 1
2 111 99 6
2 111 124 1
2 112 100 6
2 112 125 1
2 113 101 6
2 113 126 1
2 114 102 6
2 114 127 1
2 115 103 6
2 115 128 1
2 116 103 5
2 116 104 1
2 116 129 1
2 117 104 5
2 117 105 1
2 117 130 1
2 118 105 5
2 118 106 1
2 118 131 1
2 119 106 5
2 119 107 1
2 119 132 1
2 120 107 5
2 120 108 1
2 120 133 1
2 121 108 5
2 121 109 1
2 121 134 1
2 122 109 5
2 122 110 1
2 122 135 1
2 123 110 5
2 123 111 1
2 123 136 1
2 124 111 5
2 124 112 1
2 124 137 1
2 125 112 5
2 125 113 1
2 125 138 1
2 126 113 5
2 126 114 1
2 126 139 1
2 127 114 5
2 127 115 1
2 127 140 1
2 128 115 5
2 128 116 1
2 128 141 1
2 129 116 5
2 129 117 1
2 129 142 1
2 130 117 5
2 130 118 1
2 130 143 1
2 131 118 5
2 131 119 1
2 131 144 1
2 132 119 5
2 132 120 1
2 132 145 1
2 133 120 5
2 133 121 1
2 133 146 1
2 134 121 5
2 134 122 1
2 134 147 1
2 135 122 5
2 135 123 1
2 135 148 1
2 136 123 5
2 136 124 1
2 136 149 1
2 137 124 5
2 137 125 1
2 137 150 1
2 138 125 5
2 138 126 1
2 138 151 1
2 139 126 5
2 139 127 1
2 139 152 1
2 140 127 5
2 140 128 1
2 140 153 1
2 141 128 5
2 141 129 1
2 141 154 1
2 142 129 5
2 142 130 1
2 142 155 1
2 143 130 5
2 143 131 1
2 143 156 1
2 144 131 5
2 144 132 1
2 144 157 1
2 145 132 5
2 145 133 1
2 145 158 1
2 146 133 5
2 146 134 1
2 146 159 1
2 147 134 5
2 147 135 1
2 147 160 1
2 148 135 5
2 148 136 1
2 148 161 1
2 149 136 5
2 149 137 1
2 149 162 1
2 150 137 5
2 150 138 1
2 150 163 1
2 151 138 5
2 151 139 1
2 151 164 1
2 152 139 5
2 152 140 1
2 152 165 1
2 153 140 5
2 153 141 1
2 153 166 1
2 154 141 5
2 154 142 1
2 154 167 1
2 155 142 5
2 155 143 1
2 155 168 1
2 156 143 5
2 156 144 1
2 156 169 1
2 157 144 5
2 157 145 1
2 157 170 1
2 158 145 5
2 158 146 1
2 158 171 1
2 159 146 5
2 159 147 1
2 159 172 1
2 160 147 5
2 160 148 1
2 160 173 1
2 161 148 5
2 161 149 1
2 161 174 1
2 162 149 5
2 162 150 1
2 162 175 1
2 163 150 5
2 163 151 1
2 163 176 1
2 164 151 5
2 164 152 1
2 164 177 1
2 165 152 5
2 165 153 1
2 165 178 1
2 166 153 5
2 166 154 1
2 166 179 1
2 167 154 5
2 167 155 1
2 167 180 1
2 168 155 5
2 168 156 1
2 168 181 1
2 169 156 5
2 169 157 1
2 169 182 1
2 170 157 5
2 170 158 1
2 170 183 1
2 171 158 5
2 171 159 1
2 171 184 1
2 172 159 5
2 172 160 1
2 172 185 1
2 173 160 5
2 173 161 1
2 173 186 1
2 174 161 5
2 174 162 1
2 174 187 1
2 175 162 5
2 175 163 1
2 175 188 1
2 176 163 5
2 176 164 1
2 176 189 1
2 177 164 5
2 177 165 1
2 177 190 1
2 178 165 5
2 178 166 1
2 178 191 1
2 179 166 5
2 179 167 1
2 179 192 1
2 180 167 5
2 180 168 1
2 180 193 1
2 181 168 5
2 181 169 1
2 181 194 1
2 182 169 5
2 182 170 1
2 182 195 1
2 183 170 5
2 183 171 1
2 183 196 1
2 184 171 5
2 184 172 1
2 184 197 1
2 185 172 5
2 185 173 1
2 185 198 1
2 186 173 5
2 186 174 1
2 186 199 1
2 187 174 5
2 187 175 1
2 187 200 1
2 188 175 5
2 188 176 1
2 188 201 1
2 189 176 5
2 189 177 1
2 189 202 1
2 190 177 5
2 190 178 1
2 190 203 1
2 191 178 5
2 191 179 1
2 191 204 1
2 192 179 5
2 192 180 1
2 192 205 1
2 193 180 5
2 193 181 1
2 193 206 1
2 194 181 5
2 194 182 1
2 194 207 1
2 195 182 5
2 195 183 1
2 195 208 1
2 196 183 5
2 196 184 1
2 196 209 1
2 197 184 5
2 197 185 1
2 197 210 1
2 198 185 5
2 198 186 1
2 198 211 1
2 199 186 5
2 199 187 1
2 199 212 1
2 200 187 5
2 200 188 1
2 200 213 1
2 201 188 5
2 201 189 1
2 201 214 1
2 202 189 5
2 202 190 1
2 202 215 1
2 203 190 5
2 203 191 1
2 203 216 1
2 204 191 5
2 204 192 1
2 204 217 1
2 205 192 5
2 205 193 1
2 205 218 1
2 206 193 5
2 206 194 1
2 206 219 1
2 207 194 5
2 207 195 1
2 207 220 1
2 208 195 5
2 208 196 1
2 208 221 1
2 209 196 5
2 209 197 1
2 209 222 1
2 210 197 5
2 210 198 1
2 210 223 1
2 211 198 5
2 211 199 1
2 211 224 1
2 212 199 5
2 212 200 1
2 212 225 1
2 213 200 5
2 213 201 1
2 213 226 1
2 214 201 5
2 214 202 1
2 214 227 1
2 215 202 5
2 215 203 1
2 215 228 1
2 216 203 5
2 216 204 1
2 216 229 1
2 217 204 5
2 217 205 1
2 217 230 1
2 218 205 5
2 218 206 1
2 218 231 1
2 219 206 5
2 219 207 1
2 219 232 1
2 220 207 5
2 220 208 1
2 220 233 1
2 221 208 5
2 221 209 1
2 221 234 1
2 222 209 5
2 222 210 1
2 222 235 1
2 223 210 5
2 223 211 1
2 223 236 1
2 224 211 5
2 224 212 1
2 224 237 1
2 225 212 5
2 225 213 1
2 225 238 1
2 226 213 5
2 226 214 1
2 226 239 1
2 227 214 5
2 227 215 1
2 227 240 1
2 228 215 5
2 228 216 1
2 228 241 1
2 229 216 5
2 229 217 1
2 229 242 1
2 230 217 5
2 230 218 1
2 230 243 1
2 231 218 5
2 231 219 1
2 231 244 1
2 232 219 5
2 232 220 1
2 232 245 1
2 233 220 5
2 233 221 1
2 233 246 1
2 234 221 5
2 234 222 1
2 234 247 1
2 235 222 5
2 235 223 1
2 235 248 1
2 236 223 5
2 236 224 1
2 236 249 1
2 237 224 5
2 237 225 1
2 237 250 1
2 238 225 5
2 238 226 1
2 238 251 1
2 239 226 5
2 239 227 1
2 239 252 1
2 240 227 5
2 240 228 1
2 240 253 1
2 241 228 5
2 241 229 1
2 241 254 1
2 242 229 5
2 242 230 1
2 242 255 1
2 243 230 5
2 243 231 1
2 243 256 1
2 244 231 5
2 244 232 1
2 244 257 1
2 245 232 5
2 245 233 1
2 245 258 1
2 246 233 5
2 246 234 1
2 246 259 1
2 247 234 5
2 247 235 1
2 247 260 1
2 248 235 5
2 248 236 1
2 248 261 1
2 249 236 5
2 249 237 1
2 249 262 1
2 250 237 5
2 250 238 1
2 250 263 1
2 251 238 5
2 251 239 1
2 251 264 1
2 252 239 5
2 252 240 1
2 252 265 1
2 253 240 5
2 253 241 1
2 253 266 1
2 254 241 5
2 254 242 1
2 254 267 1
2 255 242 5
2 255 243 1
2 255 268 1
2 256 243 5
2 256 244 1
2 256 269 1
2 257 244 5
2 257 245 1
2 257 270 1
2 258 245 5
2 258 246 1
2 258 271 1
2 259 246 5
2 259 247 1
2 259 272 1
2 260 247 5
2 260 248 1
2 260 273 1
2 261 248 5
2 261 249 1
2 261 274 1
2 262 249 5
2 262 250 1
2 262 275 1
2 263 250 5
2 263 251 1
2 263 276 1
2 264 251 5
2 264 252 1
2 264 277 1
2 265 252 5
2 265 253 1
2 265 278 1
2 266 253 5
2 266 254 1
2 266 279 1
2 267 254 5
2 267 255 1
2 267 280 1
2 268 255 5
2 268 256 1
2 268 281 1
2 269 256 5
2 269 257 1
2 269 282 1
2 270 257 5
2 270 258 1
2 270 283 1
2 271 258 5
2 271 259 1
2 271 284 1
2 272 259 5
2 272 260 1
2 272 285 1
2 273 260 5
2 273 261 1
2 273 286 1
2 274 261 5
2 274 262 1
2 274 287 1
2 275 262 5
2 275 263 1
2 275 288 1
2 276 263 5
2 276 264 1
2 276 289 1
2 277 264 5
2 277 265 1
2 277 290 1
2 278 265 5
2 278 266 1
2 278 291 1
2 279 266 5
2 279 267 1
2 279 292 1
2 280 267 5
2 280 268 1
2 280 293 1
2 281 268 5
2 281 269 1
2 281 294 1
2 282 269 5
2 282 270 1
2 282 295 1
2 283 270 5
2 283 271 1
2 283 296 1
2 284 271 5
2 284 272 1
2 284 297 1
2 285 272 5
2 285 273 1
2 285 298 1
2 286 273 5
2 286 274 1
2 286 299 1
2 287 274 5
2 287 275 1
2 287 300 1
2 288 275 5
2 288 276 1
2 288 301 1
2 289 276 5
2 289 277 1
2 289 302 1
2 290 277 5
2 290 278 1
2 290 303 1
2 291 278 5
2 291 279 1
2 291 304 1
2 292 279 5
2 292 280 1
2 292 305 1
2 293 280 5
2 293 281 1
2 293 306 1
2 294 281 5
2 294 282 1
2 294 307 1
2 295 282 5
2 295 283 1
2 295 308 1
2 296 283 5
2 296 284 11
2 296 305 1
2 297 284 5
2 297 285 11
2 297 306 1
2 298 285 5
2 298 286 11
2 298 307 1
2 299 286 5
2 299 287 11
2 299 308 1
2 300 287 5
2 300 288 11
2 300 309 1
2 301 288 5
2 301 289 11
2 301 310 1
2 302 289 5
2 302 290 11
2 302 311 1
2 303 290 5
2 303 291 11
2 303 312 1
2 304 291 5
2 304 292 11
2 304 313 1
2 305 292 5
2 305 293 11
2 305 314 1
2 306 293 5
2 306 294 11
2 306 315 1
2 307 294 5
2 307 295 11
2 307 316 1
2 308 295 5
2 308 296 11
2 308 317 1
2 309 296 5
2 309 297 11
2 309 318 1
2 310 297 5
2 310 298 11
2 310 319 1
2 311 298 5
2 311 299 11
2 311 320 1
2 312 299 5
2 312 300 11
2 312 321 1
2 313 300 5
2 313 301 11
2 313 322 1
2 314 301 5
2 314 302 11
2 314 323 1
2 315 302 5
2 315 303 11
2 315 324 1
2 316 303 5
2 316 304 11
2 316 325 1
2 317 304 5
2 317 305 11
2 317 326 1
2 318 305 5
2 318 306 11
2 318 327 1
2 319 306 5
2 319 307 11
2 319 328 1
2 320 307 5
2 320 308 11
2 320 329 1
2 321 308 5
2 321 309 11
2 321 330 1
2 322 309 5
2 322 310 11
2 322 331 1
2 323 310 5
2 323 311 11
2 323 332 1
2 324 311 5
2 324 312 11
2 324 333 1
2 325 312 5
2 325 313 11
2 325 334 1
2 326 313 5
2 326 314 11
2 326 335 1
2 327 314 5
2 327 315 11
2 327 336 1
2 328 315 5
2 328 316 11
2 328 337 1
2 329 316 5
2 329 317 11
2 329 338 1
2 330 317 5
2 330 318 11
2 330 339 1
2 331 318 5
2 331 319 11
2 331 340 1
2 332 319 5
2 332 320 11
2 332 341 1
2 333 320 5
2 333 321 11
2 333 342 1
2 334 321 5
2 334 322 11
2 334 343 1
2 335 322 5
2 335 323 11
2 335 344 1
2 336 323 5
2 336 324 11
2 336 345 1
2 337 324 5
2 337 325 11
2 337 346 1
2 338 325 5
2 338 326 11
2 338 347 1
2 339 326 5
2 339 327 11
2 339 348 1
2 340 327 5
2 340 328 11
2 340 349 1
2 341 328 5
2 341 329 11
2 341 350 1
2 342 329 5
2 342 330 11
2 342 351 1
2 343 330 5
2 343 331 11
2 343 352 1
2 344 331 5
2 344 332 11
2 344 353 1
2 345 332 5
2 345 333 11
2 345 354 1
2 346 333 5
2 346 334 11
2 346 355 1
2 347 334 5
2 347 335 11
2 347 356 1
2 348 335 5
2 348 336 11
2 348 357 1
2 349 336 5
2 349 337 11
2 349 358 1
2 350 337 5
2 350 338 11
2 350 359 1
2 351 338 5
2 351 339 11
2 351 359 1
2 352 336 1
2 352 337 5
2 352 338 20
2 352 339 5
2 352 340 1
2 353 337 1
2 353 338 5
2 353 339 20
2 353 340 5
2 353 341 1
2 354 338 1
2 354 339 5
2 354 340 20
2 354 341 5
2 354 342 1
2 355 339 1
2 355 340 5
2 355 341 20
2 355 342 5
2 355 343 1
2 356 340 1
2 356 341 5
2 356 342 20
2 356 343 5
2 356 344 1
2 357 341 1
2 357 342 5
2 357 343 20
2 357 344 5
2 357 345 1
2 358 342 1
2 358 343 5
2 358 344 20
2 358 345 5
2 358 346 1
2 359 343 1
2 359 344 5
2 359 345 20
2 359 346 5
2 359 347 1
3 0 15 1
3 1 16 1
3 2 17 1
3 3 18 1
3 4 19 1
3 5 20 1
3 6 21 1
3 7 22 1
3 8 0 5
3 8 20 1
3 9 0 5
3 9 21 1
3 10 0 5
3 10 22 1
3 11 0 5
3 11 23 1
3 12 0 5
3 12 24 1
3 13 1 5
3 13 25 1
3 14 2 5
3 14 26 1
3 15 3 5
3 15 27 1
3 16 4 5
3 16 28 1
3 17 5 5
3 17 29 1
3 18 6 5
3 18 30 1
3 19 7 5
3 19 31 1
3 20 8 5
3 20 32 1
3 21 9 5
3 21 33 1
3 22 10 5
3 22 34 1
3 23 11 5
3 23 35 1
3 24 12 5
3 24 36 1
3 25 13 5
3 25 37 1
3 26 14 5
3 26 38 1
3 27 15 5
3 27 39 1
3 28 16 5
3 28 40 1
3 29 17 5
3 29 41 1
3 30 18 5
3 30 42 1
3 31 19 5
3 31 43 1
3 32 20 5
3 32 44 1
3 33 21 5
3 33 45 1
3 34 22 5
3 34 46 1
3 35 23 5
3 35 47 1
3 36 24 5
3 36 48 1
3 37 25 5
3 37 49 1
3 38 26 5
3 38 50 1
3 39 27 5
3 39 51 1
3 40 28 5
3 40 52 1
3 41 29 5
3 41 53 1
3 42 30 5
3 42 54 1
3 43 31 5
3 43 55 1
3 44 32 5
3 44 56 1
3 45 33 5
3 45 57 1
3 46 34 5
3 46 58 1
3 47 35 5
3 47 59 1
3 48 36 5
3 48 60 1
3 49 37 5
3 49 61 1
3 50 38 5
3 50 62 1
3 51 39 5
3 51 63 1
3 52 40 5
3 52 43 6
3 52 58 1
3 53 41 5
3 53 44 6
3 53 59 1
3 54 42 5
3 54 45 6
3 54 60 1
3 55 43 5
3 55 46 6
3 55 61 1
3 56 44 5
3 56 47 6
3 56 62 1
3 57 45 5
3 57 48 6
3 57 63 1
3 58 46 5
3 58 49 6
3 58 64 1
3 59 47 5
3 59 50 6
3 59 65 1
3 60 48 5
3 60 51 6
3 60 66 1
3 61 49 5
3 61 52 6
3 61 67 1
3 62 50 5
3 62 53 6
3 62 68 1
3 63 51 5
3 63 54 6
3 63 69 1
3 64 52 5
3 64 55 6
3 64 70 1
3 65 53 5
3 65 56 6
3 65 71 1
3 66 54 5
3 66 57 6
3 66 72 1
3 67 55 5
3 67 58 6
3 67 73 1
3 68 56 5
3 68 59 6
3 68 74 1
3 69 57 5
3 69 60 6
3 69 75 1
3 70 58 5
3 70 61 6
3 70 76 1
3 71 59 5
3 71 62 6
3 71 77 1
3 72 60 5
3 72 63 6
3 72 78 1
3 73 61 5
3 73 64 6
3 73 79 1
3 74 62 5
3 74 65 6
3 74 80 1
3 75 63 5
3 75 66 6
3 75 81 1
3 76 64 5
3 76 67 6
3 76 82 1
3 77 65 5
3 77 68 6
3 77 83 1
3 78 66 5
3 78 69 6
3 78 84 1
3 79 67 5
3 79 70 6
3 79 85 1
3 80 68 5
3 80 71 6
3 80 86 1
3 81 69 5
3 81 72 6
3 81 87 1
3 82 70 5
3 82 73 6
3 82 88 1
3 83 71 5
3 83 74 6
3 83 89 1
3 84 72 5
3 84 75 6
3 84 90 1
3 85 73 5
3 85 76 6
3 85 91 1
3 86 74 5
3 86 77 6
3 86 92 1
3 87 75 5
3 87 78 6
3 87 93 1
3 88 76 5
3 88 79 6
3 88 94 1
3 89 77 5
3 89 80 6
3 89 95 1
3 90 78 5
3 90 81 6
3 90 96 1
3 91 79 5
3 91 82 6
3 91 97 1
3 92 80 5
3 92 83 6
3 92 98 1
3 93 81 5
3 93 84 6
3 93 99 1
3 94 82 5
3 94 85 6
3 94 100 1
3 95 83 5
3 95 86 6
3 95 101 1
3 96 84 5
3 96 87 6
3 96 102 1
3 97 85 5
3 97 88 6
3 97 103 1
3 98 86 5
3 98 89 6
3 98 104 1
3 99 87 5
3 99 90 6
3 99 105 1
3 100 88 5
3 100 91 6
3 100 106 1
3 101 89 5
3 101 92 6
3 101 107 1
3 102 90 5
3 102 93 6
3 102 108 1
3 103 91 5
3 103 94 6
3 103 109 1
3 104 92 5
3 104 95 6
3 104 110 1
3 105 93 5
3 105 96 6
3 105 111 1
3 106 94 5
3 106 97 6
3 106 112 1
3 107 95 5
3 107 98 6
3 107 113 1
3 108 96 5
3 108 99 6
3 108 114 1
3 109 97 5
3 109 100 6
3 109 115 1
3 110 98 5
3 110 101 6
3 110 116 1
3 111 99 5
3 111 102 6
3 111 117 1
3 112 100 5
3 112 103 6
3 112 118 1
3 113 101 5
3 113 104 6
3 113 119 1
3 114 102 5
3 114 105 6
3 114 120 1
3 115 103 5
3 115 106 6
3 115 121 1
3 116 103 4
3 116 104 1
3 116 107 6
3 116 122 1
3 117 104 4
3 117 105 1
3 117 108 6
3 117 123 1
3 118 105 4
3 118 106 1
3 118 109 6
3 118 124 1
3 119 106 4
3 119 107 1
3 119 110 6
3 119 125 1
3 120 107 4
3 120 108 1
3 120 111 6
3 120 126 1
3 121 108 4
3 121 109 1
3 121 112 6
3 121 127 1
3 122 109 4
3 122 110 1
3 122 113 6
3 122 128 1
3 123 110 4
3 123 111 1
3 123 114 6
3 123 129 1
3 124 111 4
3 124 112 1
3 124 115 6
3 124 130 1
3 125 112 4
3 125 113 1
3 125 116 6
3 125 131 1
3 126 113 4
3 126 114 1
3 126 117 6
3 126 132 1
3 127 114 4
3 127 115 1
3 127 118 6
3 127 133 1
3 128 115 4
3 128 116 1
3 128 119 6
3 128 134 1
3 129 116 4
3 129 117 1
3 129 120 6
3 129 135 1
3 130 117 4
3 130 118 1
3 130 121 6
3 130 136 1
3 131 118 4
3 131 119 1
3 131 122 6
3 131 137 1
3 132 119 4
3 132 120 1
3 132 123 6
3 132 138 1
3 133 120 4
3 133 121 1
3 133 124 6
3 133 139 1
3 134 121 4
3 134 122 1
3 134 125 6
3 134 140 1
3 135 122 4
3 135 123 1
3 135 126 6
3 135 141 1
3 136 123 4
3 136 124 1
3 136 127 6
3 136 142 1
3 137 124 4
3 137 125 1
3 137 128 6
3 137 143 1
3 138 125 4
3 138 126 1
3 138 129 6
3 138 144 1
3 139 126 4
3 139 127 1
3 139 130 6
3 139 145 1
3 140 127 4
3 140 128 1
3 140 131 6
3 140 146 1
3 141 128 4
3 141 129 1
3 141 132 6
3 141 147 1
3 142 129 4
3 142 130 1
3 142 133 6
3 142 148 1
3 143 130 4
3 143 131 1
3 143 134 6
3 143 149 1
3 144 131 4
3 144 132 1
3 144 135 6
3 144 150 1
3 145 132 4
3 145 133 1
3 145 136 6
3 145 151 1
3 146 133 4
3 146 134 1
3 146 137 6
3 146 152 1
3 147 134 4
3 147 135 1
3 147 138 6
3 147 153 1
3 148 135 4
3 148 136 1
3 148 139 6
3 148 154 1
3 149 136 4
3 149 137 1
3 149 140 6
3 149 155 1
3 150 137 4
3 150 138 1
3 150 141 6
3 150 156 1
3 151 138 4
3 151 139 1
3 151 142 6
3 151 157 1
3 152 139 4
3 152 140 1
3 152 143 6
3 152 158 1
3 153 140 4
3 153 141 1
3 153 144 6
3 153 159 1
3 154 141 4
3 154 142 1
3 154 145 6
3 154 160 1
3 155 142 4
3 155 143 1
3 155 146 6
3 155 161 1
3 156 143 4
3 156 144 1
3 156 147 6
3 156 162 1
3 157 144 4
3 157 145 1
3 157 148 6
3 157 163 1
3 158 145 4
3 158 146 1
3 158 149 6
3 158 164 1
3 159 146 4
3 159 147 1
3 159 150 6
3 159 165 1
3 160 147 4
3 160 148 1
3 160 151 6
3 160 166 1
3 161 148 4
3 161 149 1
3 161 152 6
3 161 167 1
3 162 149 4
3 162 150 1
3 162 153 6
3 162 168 1
3 163 150 4
3 163 151 1
3 163 154 6
3 163 169 1
3 164 151 4
3 164 152 1
3 164 155 6
3 164 170 1
3 165 152 4
3 165 153 1
3 165 156 6
3 165 171 1
3 166 153 4
3 166 154 1
3 166 157 6
3 166 172 1
3 167 154 4
3 167 155 1
3 167 158 6
3 167 173 1
3 168 155 4
3 168 156 1
3 168 159 6
3 168 174 1
3 169 156 4
3 169 157 1
3 169 160 6
3 169 175 1
3 170 157 4
3 170 158 1
3 170 161 6
3 170 176 1
3 171 158 4
3 171 159 1
3 171 162 6
3 171 177 1
3 172 159 4
3 172 160 1
3 172 163 6
3 172 178 1
3 173 160 4
3 173 161 1
3 173 164 6
3 173 179 1
3 174 161 4
3 174 162 1
3 174 165 6
3 174 180 1
3 175 162 4
3 175 163 1
3 175 166 6
3 175 181 1
3 176 163 4
3 176 164 1
3 176 167 6
3 176 182 1
3 177 164 4
3 177 165 1
3 177 168 6
3 177 183 1
3 178 165 4
3 178 166 1
3 178 169 6
3 178 184 1
3 179 166 4
3 179 167 1
3 179 170 6
3 179 185 1
3 180 167 4
3 180 168 1
3 180 171 6
3 180 186 1
3 181 168 4
3 181 169 1
3 181 172 6
3 181 187 1
3 182 169 4
3 182 170 1
3 182 173 6
3 182 188 1
3 183 170 4
3 183 171 1
3 183 174 6
3 183 189 1
3 184 171 4
3 184 172 1
3 184 175 6
3 184 190 1
3 185 172 4
3 185 173 1
3 185 176 6
3 185 191 1
3 186 173 4
3 186 174 1
3 186 177 6
3 186 192 1
3 187 174 4
3 187 175 1
3 187 178 6
3 187 193 1
3 188 175 4
3 188 176 1
3 188 179 6
3 188 194 1
3 189 176 4
3 189 177 1
3 189 180 6
3 189 195 1
3 190 177 4
3 190 178 1
3 190 181 6
3 190 196 1
3 191 178 4
3 191 179 1
3 191 182 6
3 191 197 1
3 192 179 4
3 192 180 1
3 192 183 6
3 192 198 1
3 193 180 4
3 193 181 1
3 193 184 6
3 193 199 1
3 194 181 4
3 194 182 1
3 194 185 6
3 194 200 1
3 195 182 4
3 195 183 1
3 195 186 6
3 195 201 1
3 196 183 4
3 196 184 1
3 196 187 6
3 196 202 1
3 197 184 4
3 197 185 1
3 197 188 6
3 197 203 1
3 198 185 4
3 198 186 1
3 198 189 6
3 198 204 1
3 199 186 4
3 199 187 1
3 199 190 6
3 199 205 1
3 200 187 4
3 200 188 1
3 200 191 6
3 200 206 1
3 201 188 4
3 201 189 1
3 201 192 6
3 201 207 1
3 202 189 4
3 202 190 1
3 202 193 6
3 202 208 1
3 203 190 4
3 203 191 1
3 203 194 6
3 203 209 1
3 204 191 4
3 204 192 1
3 204 195 6
3 204 210 1
3 205 192 4
3 205 193 1
3 205 196 6
3 205 211 1
3 206 193 4
3 206 194 1
3 206 197 6
3 206 212 1
3 207 194 4
3 207 195 1
3 207 198 6
3 207 213 1
3 208 195 4
3 208 196 1
3 208 199 6
3 208 214 1
3 209 196 4
3 209 197 1
3 209 200 6
3 209 215 1
3 210 197 4
3 210 198 1
3 210 201 6
3 210 216 1
3 211 198 4
3 211 199 1
3 211 202 6
3 211 217 1
3 212 199 4
3 212 200 1
3 212 203 6
3 212 218 1
3 213 200 4
3 213 201 1
3 213 204 6
3 213 219 1
3 214 201 4
3 214 202 1
3 214 205 6
3 214 220 1
3 215 202 4
3 215 203 1
3 215 206 6
3 215 221 1
3 216 203 4
3 216 204 1
3 216 207 6
3 216 222 1
3 217 204 4
3 217 205 1
3 217 208 6
3 217 223 1
3 218 205 4
3 218 206 1
3 218 209 6
3 218 224 1
3 219 206 4
3 219 207 1
3 219 210 6
3 219 225 1
3 220 207 4
3 220 208 1
3 220 211 6
3 220 226 1
3 221 208 4
3 221 209 1
3 221 212 6
3 221 227 1
3 222 209 4
3 222 210 1
3 222 213 6
3 222 228 1
3 223 210 4
3 223 211 1
3 223 214 6
3 223 229 1
3 224 211 4
3 224 212 1
3 224 215 6
3 224 230 1
3 225 212 4
3 225 213 1
3 225 216 6
3 225 231 1
3 226 213 4
3 226 214 1
3 226 217 6
3 226 232 1
3 227 214 4
3 227 215 1
3 227 218 6
3 227 233 1
3 228 215 4
3 228 216 1
3 228 219 6
3 228 234 1
3 229 216 4
3 229 217 1
3 229 220 6
3 229 235 1
3 230 217 4
3 230 218 1
3 230 221 6
3 230 236 1
3 231 218 4
3 231 219 1
3 231 222 6
3 231 237 1
3 232 219 4
3 232 220 1
3 232 223 6
3 232 238 1
3 233 220 4
3 233 221 1
3 233 224 6
3 233 239 1
3 234 221 4
3 234 222 1
3 234 225 6
3 234 240 1
3 235 222 4
3 235 223 1
3 235 226 6
3 235 241 1
3 236 223 4
3 236 224 1
3 236 227 6
3 236 242 1
3 237 224 4
3 237 225 1
3 237 228 6
3 237 243 1
3 238 225 4
3 238 226 1
3 238 229 6
3 238 244 1
3 239 226 4
3 239 227 1
3 239 230 6
3 239 245 1
3 240 227 4
3 240 228 1
3 240 231 6
3 240 246 1
3 241 228 4
3 241 229 1
3 241 232 6
3 241 247 1
3 242 229 4
3 242 230 1
3 242 233 6
3 242 248 1
3 243 230 4
3 243 231 1
3 243 234 6
3 243 249 1
3 244 231 4
3 244 232 1
3 244 235 6
3 244 250 1
3 245 232 4
3 245 233 1
3 245 236 6
3 245 251 1
3 246 233 4
3 246 234 1
3 246 237 6
3 246 252 1
3 247 234 4
3 247 235 1
3 247 238 6
3 247 253 1
3 248 235 4
3 248 236 1
3 248 239 6
3 248 254 1
3 249 236 4
3 249 237 1
3 249 240 6
3 249 255 1
3 250 237 4
3 250 238 1
3 250 241 6
3 250 256 1
3 251 238 4
3 251 239 1
3 251 242 6
3 251 257 1
3 252 239 4
3 252 240 1
3 252 243 6
3 252 258 1
3 253 240 4
3 253 241 1
3 253 244 6
3 253 259 1
3 254 241 4
3 254 242 1
3 254 245 6
3 254 260 1
3 255 242 4
3 255 243 1
3 255 246 6
3 255 261 1
3 256 243 4
3 256 244 1
3 256 247 6
3 256 262 1
3 257 244 4
3 257 245 1
3 257 248 6
3 257 263 1
3 258 245 4
3 258 246 1
3 258 249 6
3 258 264 1
3 259 246 4
3 259 247 1
3 259 250 6
3 259 265 1
3 260 247 4
3 260 248 1
3 260 251 6
3 260 266 1
3 261 248 4
3 261 249 1
3 261 252 6
3 261 267 1
3 262 249 4
3 262 250 1
3 262 253 6
3 262 268 1
3 263 250 4
3 263 251 1
3 263 254 6
3 263 269 1
3 264 251 4
3 264 252 1
3 264 255 6
3 264 270 1
3 265 252 4
3 265 253 1
3 265 256 6
3 265 271 1
3 266 253 4
3 266 254 1
3 266 257 6
3 266 272 1
3 267 254 4
3 267 255 1
3 267 258 6
3 267 273 1
3 268 255 4
3 268 256 1
3 268 259 6
3 268 274 1
3 269 256 4
3 269 257 1
3 269 260 6
3 269 275 1
3 270 257 4
3 270 258 1
3 270 261 6
3 270 276 1
3 271 258 4
3 271 259 1
3 271 262 6
3 271 277 1
3 272 259 4
3 272 260 1
3 272 263 6
3 272 278 1
3 273 260 4
3 273 261 1
3 273 264 6
3 273 279 1
3 274 261 4
3 274 262 1
3 274 265 6
3 274 280 1
3 275 262 4
3 275 263 1
3 275 266 6
3 275 281 1
3 276 263 4
3 276 264 1
3 276 267 6
3 276 282 1
3 277 264 4
3 277 265 1
3 277 268 6
3 277 283 1
3 278 265 4
3 278 266 1
3 278 269 6
3 278 284 1
3 279 266 4
3 279 267 1
3 279 270 6
3 279 285 1
3 280 267 4
3 280 268 1
3 280 271 6
3 280 286 1
3 281 268 4
3 281 269 1
3 281 272 6
3 281 287 1
3 282 269 4
3 282 270 1
3 282 273 6
3 282 288 1
3 283 270 4
3 283 271 1
3 283 274 6
3 283 289 1
3 284 271 4
3 284 272 1
3 284 275 6
3 284 290 1
3 285 272 4
3 285 273 1
3 285 276 6
3 285 291 1
3 286 273 4
3 286 274 1
3 286 277 6
3 286 292 1
3 287 274 4
3 287 275 1
3 287 278 6
3 287 293 1
3 288 275 4
3 288 276 1
3 288 279 6
3 288 294 1
3 289 276 4
3 289 277 1
3 289 280 6
3 289 295 1
3 290 277 4
3 290 278 1
3 290 281 6
3 290 296 1
3 291 278 4
3 291 279 1
3 291 282 6
3 291 297 1
3 292 279 4
3 292 280 1
3 292 283 6
3 292 298 1
3 293 280 4
3 293 281 1
3 293 284 6
3 293 299 1
3 294 281 4
3 294 282 1
3 294 285 6
3 294 300 1
3 295 282 4
3 295 283 1
3 295 286 6
3 295 301 1
3 296 283 4
3 296 284 7
3 296 302 1
3 297 284 4
3 297 285 7
3 297 303 1
3 298 285 4
3 298 286 7
3 298 304 1
3 299 286 4
3 299 287 7
3 299 305 1
3 300 287 4
3 300 288 7
3 300 306 1
3 301 288 4
3 301 289 7
3 301 307 1
3 302 289 4
3 302 290 7
3 302 308 1
3 303 290 4
3 303 291 7
3 303 309 1
3 304 291 4
3 304 292 7
3 304 310 1
3 305 292 4
3 305 293 7
3 305 311 1
3 306 293 4
3 306 294 7
3 306 312 1
3 307 294 4
3 307 295 7
3 307 313 1
3 308 295 4
3 308 296 7
3 308 314 1
3 309 296 4
3 309 297 7
3 309 315 1
3 310 297 4
3 310 298 7
3 310 316 1
3 311 298 4
3 311 299 7
3 311 317 1
3 312 299 4
3 312 300 7
3 312 318 1
3 313 300 4
3 313 301 7
3 313 319 1
3 314 301 4
3 314 302 7
3 314 320 1
3 315 302 4
3 315 303 7
3 315 321 1
3 316 303 4
3 316 304 7
3 316 309 4
3 316 313 1
3 317 304 4
3 317 305 7
3 317 310 4
3 317 314 1
3 318 305 4
3 318 306 7
3 318 311 4
3 318 315 1
3 319 306 4
3 319 307 7
3 319 312 4
3 319 316 1
3 320 307 4
3 320 308 7
3 320 313 4
3 320 317 1
3 321 308 4
3 321 309 7
3 321 314 4
3 321 318 1
3 322 309 4
3 322 310 7
3 322 315 4
3 322 319 1
3 323 310 4
3 323 311 7
3 323 316 4
3 323 320 1
3 324 311 4
3 324 312 7
3 324 317 4
3 324 321 1
3 325 312 4
3 325 313 7
3 325 318 4
3 325 322 1
3 326 313 4
3 326 314 7
3 326 319 4
3 326 323 1
3 327 314 4
3 327 315 7
3 327 320 4
3 327 324 1
3 328 315 4
3 328 316 7
3 328 321 4
3 328 325 1
3 329 316 4
3 329 317 7
3 329 322 4
3 329 326 1
3 330 317 4
3 330 318 7
3 330 323 4
3 330 327 1
3 331 318 4
3 331 319 7
3 331 324 4
3 331 328 1
3 332 319 4
3 332 320 7
3 332 325 4
3 332 329 1
3 333 320 4
3 333 321 7
3 333 326 4
3 333 330 1
3 334 321 4
3 334 322 7
3 334 327 4
3 334 331 1
3 335 322 4
3 335 323 7
3 335 328 4
3 335 332 1
3 336 323 4
3 336 324 7
3 336 329 4
3 336 333 1
3 337 324 4
3 337 325 7
3 337 330 4
3 337 334 1
3 338 325 4
3 338 326 7
3 338 331 4
3 338 335 1
3 339 326 4
3 339 327 7
3 339 332 4
3 339 336 1
3 340 327 4
3 340 328 7
3 340 333 4
3 340 337 1
3 341 328 4
3 341 329 7
3 341 334 4
3 341 338 1
3 342 329 4
3 342 330 7
3 342 335 4
3 342 339 1
3 343 330 4
3 343 331 7
3 343 336 4
3 343 340 1
3 344 331 4
3 344 332 7
3 344 337 4
3 344 341 1
3 345 332 4
3 345 333 7
3 345 338 4
3 345 342 1
3 346 333 4
3 346 334 7
3 346 339 4
3 346 343 1
3 347 334 4
3 347 335 7
3 347 340 4
3 347 344 1
3 348 335 4
3 348 336 7
3 348 341 4
3 348 345 1
3 349 336 4
3 349 337 7
3 349 342 4
3 349 346 1
3 350 337 4
3 350 338 7
3 350 343 4
3 350 347 1
3 351 338 4
3 351 339 7
3 351 344 4
3 351 348 1
3 352 337 1
3 352 338 10
3 352 339 4
3 352 340 1
3 353 338 1
3 353 339 10
3 353 340 4
3 353 341 1
3 354 339 1
3 354 340 10
3 354 341 4
3 354 342 1
3 355 340 1
3 355 341 10
3 355 342 4
3 355 343 1
3 356 341 1
3 356 342 10
3 356 343 4
3 356 344 1
3 357 342 1
3 357 343 10
3 357 344 4
3 357 345 1
3 358 343 1
3 358 344 10
3 358 345 4
3 358 346 1
3 359 344 1
3 359 345 10
3 359 346 4
3 359 347 1
4 0 15 1
4 1 16 1
4 2 17 1
4 3 18 1
4 4 19 1
4 5 20 1
4 6 21 1
4 7 22 1
4 8 0 4
4 8 4 3
4 8 9 1
4 9 0 4
4 9 5 3
4 9 10 1
4 10 0 4
4 10 6 3
4 10 11 1
4 11 0 4
4 11 7 3
4 11 12 1
4 12 0 4
4 12 8 3
4 12 13 1
4 13 1 4
4 13 9 3
4 13 14 1
4 14 2 4
4 14 10 3
4 14 15 1
4 15 3 4
4 15 11 3
4 15 16 1
4 16 4 4
4 16 12 3
4 16 17 1
4 17 5 4
4 17 13 3
4 17 18 1
4 18 6 4
4 18 14 3
4 18 19 1
4 19 7 4
4 19 15 3
4 19 20 1
4 20 8 4
4 20 16 3
4 20 21 1
4 21 9 4
4 21 17 3
4 21 22 1
4 22 10 4
4 22 18 3
4 22 23 1
4 23 11 4
4 23 19 3
4 23 24 1
4 24 12 4
4 24 20 3
4 24 25 1
4 25 13 4
4 25 21 3
4 25 26 1
4 26 14 4
4 26 22 3
4 26 27 1
4 27 15 4
4 27 23 3
4 27 28 1
4 28 16 4
4 28 24 3
4 28 29 1
4 29 17 4
4 29 25 3
4 29 30 1
4 30 18 4
4 30 26 3
4 30 31 1
4 31 19 4
4 31 27 3
4 31 32 1
4 32 20 4
4 32 28 3
4 32 33 1
4 33 21 4
4 33 29 3
4 33 34 1
4 34 22 4
4 34 30 3
4 34 35 1
4 35 23 4
4 35 31 3
4 35 36 1
4 36 24 4
4 36 32 3
4 36 37 1
4 37 25 4
4 37 33 3
4 37 38 1
4 38 26 4
4 38 34 3
4 38 39 1
4 39 27 4
4 39 35 3
4 39 40 1
4 40 28 4
4 40 36 3
4 40 41 1
4 41 29 4
4 41 37 3
4 41 42 1
4 42 30 4
4 42 38 3
4 42 43 1
4 43 31 4
4 43 39 3
4 43 44 1
4 44 32 4
4 44 40 3
4 44 45 1
4 45 33 4
4 45 41 3
4 45 46 1
4 46 34 4
4 46 42 3
4 46 47 1
4 47 35 4
4 47 43 3
4 47 48 1
4 48 36 4
4 48 44 3
4 48 49 1
4 49 37 4
4 49 45 3
4 49 50 1
4 50 38 4
4 50 46 3
4 50 51 1
4 51 39 4
4 51 47 3
4 51 52 1
4 52 40 4
4 52 43 3
4 52 53 1
4 53 41 4
4 53 44 3
4 53 54 1
4 54 42 4
4 54 45 3
4 54 55 1
4 55 43 4
4 55 46 3
4 55 56 1
4 56 44 4
4 56 47 3
4 56 57 1
4 57 45 4
4 57 48 3
4 57 58 1
4 58 46 4
4 58 49 3
4 58 59 1
4 59 47 4
4 59 50 3
4 59 60 1
4 60 48 4
4 60 51 3
4 60 61 1
4 61 49 4
4 61 52 3
4 61 62 1
4 62 50 4
4 62 53 3
4 62 63 1
4 63 51 4
4 63 54 3
4 63 64 1
4 64 52 4
4 64 55 3
4 64 65 1
4 65 53 4
4 65 56 3
4 65 66 1
4 66 54 4
4 66 57 3
4 66 67 1
4 67 55 4
4 67 58 3
4 67 68 1
4 68 56 4
4 68 59 3
4 68 69 1
4 69 57 4
4 69 60 3
4 69 70 1
4 70 58 4
4 70 61 3
4 70 71 1
4 71 59 4
4 71 62 3
4 71 72 1
4 72 60 4
4 72 63 3
4 72 73 1
4 73 61 4
4 73 64 3
4 73 74 1
4 74 62 4
4 74 65 3
4 74 75 1
4 75 63 4
4 75 66 3
4 75 76 1
4 76 64 4
4 76 67 3
4 76 77 1
4 77 65 4
4 77 68 3
4 77 78 1
4 78 66 4
4 78 69 3
4 78 79 1
4 79 67 4
4 79 70 3
4 79 80 1
4 80 68 4
4 80 71 3
4 80 81 1
4 81 69 4
4 81 72 3
4 81 82 1
4 82 70 4
4 82 73 3
4 82 83 1
4 83 71 4
4 83 74 3
4 83 84 1
4 84 72 4
4 84 75 3
4 84 85 1
4 85 73 4
4 85 76 3
4 85 86 1
4 86 74 4
4 86 77 3
4 86 87 1
4 87 75 4
4 87 78 3
4 87 88 1
4 88 76 4
4 88 79 3
4 88 89 1
4 89 77 4
4 89 80 3
4 89 90 1
4 90 78 4
4 90 81 3
4 90 91 1
4 91 79 4
4 91 82 3
4 91 92 1
4 92 80 4
4 92 83 3
4 92 93 1
4 93 81 4
4 93 84 3
4 93 94 1
4 94 82 4
4 94 85 3
4 94 95 1
4 95 83 4
4 95 86 3
4 95 96 1
4 96 84 4
4 96 87 3
4 96 97 1
4 97 85 4
4 97 88 3
4 97 98 1
4 98 86 4
4 98 89 3
4 98 99 1
4 99 87 4
4 99 90 3
4 99 100 1
4 100 88 4
4 100 91 3
4 100 101 1
4 101 89 4
4 101 92 3
4 101 102 1
4 102 90 4
4 102 93 3
4 102 103 1
4 103 91 4
4 103 94 3
4 103 104 1
4 104 92 4
4 104 95 3
4 104 105 1
4 105 93 4
4 105 96 3
4 105 106 1
4 106 94 4
4 106 97 3
4 106 107 1
4 107 95 4
4 107 98 3
4 107 108 1
4 108 96 4
4 108 99 3
4 108 109 1
4 109 97 4
4 109 100 3
4 109 110 1
4 110 98 4
4 110 101 3
4 110 111 1
4 111 99 4
4 111 102 3
4 111 112 1
4 112 100 4
4 112 103 3
4 112 113 1
4 113 101 4
4 113 104 3
4 113 114 1
4 114 102 4
4 114 105 3
4 114 115 1
4 115 103 4
4 115 106 3
4 115 116 1
4 116 103 3
4 116 104 1
4 116 107 3
4 116 117 1
4 117 104 3
4 117 105 1
4 117 108 3
4 117 118 1
4 118 105 3
4 118 106 1
4 118 109 3
4 118 119 1
4 119 106 3
4 119 107 1
4 119 110 3
4 119 120 1
4 120 107 3
4 120 108 1
4 120 111 3
4 120 121 1
4 121 108 3
4 121 109 1
4 121 112 3
4 121 122 1
4 122 109 3
4 122 110 1
4 122 113 3
4 122 123 1
4 123 110 3
4 123 111 1
4 123 114 3
4 123 124 1
4 124 111 3
4 124 112 1
4 124 115 3
4 124 125 1
4 125 112 3
4 125 113 1
4 125 116 3
4 125 126 1
4 126 113 3
4 126 114 1
4 126 117 3
4 126 127 1
4 127 114 3
4 127 115 1
4 127 118 3
4 127 128 1
4 128 115 3
4 128 116 1
4 128 119 3
4 128 129 1
4 129 116 3
4 129 117 1
4 129 120 3
4 129 130 1
4 130 117 3
4 130 118 1
4 130 121 3
4 130 131 1
4 131 118 3
4 131 119 1
4 131 122 3
4 131 132 1
4 132 119 3
4 132 120 1
4 132 123 3
4 132 133 1
4 133 120 3
4 133 121 1
4 133 124 3
4 133 134 1
4 134 121 3
4 134 122 1
4 134 125 3
4 134 135 1
4 135 122 3
4 135 123 1
4 135 126 3
4 135 136 1
4 136 123 3
4 136 124 1
4 136 127 3
4 136 137 1
4 137 124 3
4 137 125 1
4 137 128 3
4 137 138 1
4 138 125 3
4 138 126 1
4 138 129 3
4 138 139 1
4 139 126 3
4 139 127 1
4 139 130 3
4 139 140 1
4 140 127 3
4 140 128 1
4 140 131 3
4 140 141 1
4 141 128 3
4 141 129 1
4 141 132 3
4 141 142 1
4 142 129 3
4 142 130 1
4 142 133 3
4 142 143 1
4 143 130 3
4 143 131 1
4 143 134 3
4 143 144 1
4 144 131 3
4 144 132 1
4 144 135 3
4 144 145 1
4 145 132 3
4 145 133 1
4 145 136 3
4 145 146 1
4 146 133 3
4 146 134 1
4 146 137 3
4 146 147 1
4 147 134 3
4 147 135 1
4 147 138 3
4 147 148 1
4 148 135 3
4 148 136 1
4 148 139 3
4 148 149 1
4 149 136 3
4 149 137 1
4 149 140 3
4 149 150 1
4 150 137 3
4 150 138 1
4 150 141 3
4 150 151 1
4 151 138 3
4 151 139 1
4 151 142 3
4 151 152 1
4 152 139 3
4 152 140 1
4 152 143 3
4 152 153 1
4 153 140 3
4 153 141 1
4 153 144 3
4 153 154 1
4 154 141 3
4 154 142 1
4 154 145 3
4 154 155 1
4 155 142 3
4 155 143 1
4 155 146 3
4 155 156 1
4 156 143 3
4 156 144 1
4 156 147 3
4 156 157 1
4 157 144 3
4 157 145 1
4 157 148 3
4 157 158 1
4 158 145 3
4 158 146 1
4 158 149 3
4 158 159 1
4 159 146 3
4 159 147 1
4 159 150 3
4 159 160 1
4 160 147 3
4 160 148 1
4 160 151 3
4 160 161 1
4 161 148 3
4 161 149 1
4 161 152 3
4 161 162 1
4 162 149 3
4 162 150 1
4 162 153 3
4 162 163 1
4 163 150 3
4 163 151 1
4 163 154 3
4 163 164 1
4 164 151 3
4 164 152 1
4 164 155 3
4 164 165 1
4 165 152 3
4 165 153 1
4 165 156 3
4 165 166 1
4 166 153 3
4 166 154 1
4 166 157 3
4 166 167 1
4 167 154 3
4 167 155 1
4 167 158 3
4 167 168 1
4 168 155 3
4 168 156 1
4 168 159 3
4 168 169 1
4 169 156 3
4 169 157 1
4 169 160 3
4 169 170 1
4 170 157 3
4 170 158 1
4 170 161 3
4 170 171 1
4 171 158 3
4 171 159 1
4 171 162 3
4 171 172 1
4 172 159 3
4 172 160 1
4 172 163 3
4 172 173 1
4 173 160 3
4 173 161 1
4 173 164 3
4 173 174 1
4 174 161 3
4 174 162 1
4 174 165 3
4 174 175 1
4 175 162 3
4 175 163 1
4 175 166 3
4 175 176 1
4 176 163 3
4 176 164 1
4 176 167 3
4 176 177 1
4 177 164 3
4 177 165 1
4 177 168 3
4 177 178 1
4 178 165 3
4 178 166 1
4 178 169 3
4 178 179 1
4 179 166 3
4 179 167 1
4 179 170 3
4 179 180 1
4 180 167 3
4 180 168 1
4 180 171 3
4 180 181 1
4 181 168 3
4 181 169 1
4 181 172 3
4 181 182 1
4 182 169 3
4 182 170 1
4 182 173 3
4 182 183 1
4 183 170 3
4 183 171 1
4 183 174 3
4 183 184 1
4 184 171 3
4 184 172 1
4 184 175 3
4 184 185 1
4 185 172 3
4 185 173 1
4 185 176 3
4 185 186 1
4 186 173 3
4 186 174 1
4 186 177 3
4 186 187 1
4 187 174 3
4 187 175 1
4 187 178 3
4 187 188 1
4 188 175 3
4 188 176 1
4 188 179 3
4 188 189 1
4 189 176 3
4 189 177 1
4 189 180 3
4 189 190 1
4 190 177 3
4 190 178 1
4 190 181 3
4 190 191 1
4 191 178 3
4 191 179 1
4 191 182 3
4 191 192 1
4 192 179 3
4 192 180 1
4 192 183 3
4 192 193 1
4 193 180 3
4 193 181 1
4 193 184 3
4 193 194 1
4 194 181 3
4 194 182 1
4 194 185 3
4 194 195 1
4 195 182 3
4 195 183 1
4 195 186 3
4 195 196 1
4 196 183 3
4 196 184 1
4 196 187 3
4 196 197 1
4 197 184 3
4 197 185 1
4 197 188 3
4 197 198 1
4 198 185 3
4 198 186 1
4 198 189 3
4 198 199 1
4 199 186 3
4 199 187 1
4 199 190 3
4 199 200 1
4 200 187 3
4 200 188 1
4 200 191 3
4 200 201 1
4 201 188 3
4 201 189 1
4 201 192 3
4 201 202 1
4 202 189 3
4 202 190 1
4 202 193 3
4 202 203 1
4 203 190 3
4 203 191 1
4 203 194 3
4 203 204 1
4 204 191 3
4 204 192 1
4 204 195 3
4 204 205 1
4 205 192 3
4 205 193 1
4 205 196 3
4 205 206 1
4 206 193 3
4 206 194 1
4 206 197 3
4 206 207 1
4 207 194 3
4 207 195 1
4 207 198 3
4 207 208 1
4 208 195 3
4 208 196 1
4 208 199 3
4 208 209 1
4 209 196 3
4 209 197 1
4 209 200 3
4 209 210 1
4 210 197 3
4 210 198 1
4 210 201 3
4 210 211 1
4 211 198 3
4 211 199 1
4 211 202 3
4 211 212 1
4 212 199 3
4 212 200 1
4 212 203 3
4 212 213 1
4 213 200 3
4 213 201 1
4 213 204 3
4 213 214 1
4 214 201 3
4 214 202 1
4 214 205 3
4 214 215 1
4 215 202 3
4 215 203 1
4 215 206 3
4 215 216 1
4 216 203 3
4 216 204 1
4 216 207 3
4 216 217 1
4 217 204 3
4 217 205 1
4 217 208 3
4 217 218 1
4 218 205 3
4 218 206 1
4 218 209 3
4 218 219 1
4 219 206 3
4 219 207 1
4 219 210 3
4 219 220 1
4 220 207 3
4 220 208 1
4 220 211 3
4 220 221 1
4 221 208 3
4 221 209 1
4 221 212 3
4 221 222 1
4 222 209 3
4 222 210 1
4 222 213 3
4 222 223 1
4 223 210 3
4 223 211 1
4 223 214 3
4 223 224 1
4 224 211 3
4 224 212 1
4 224 215 3
4 224 225 1
4 225 212 3
4 225 213 1
4 225 216 3
4 225 226 1
4 226 213 3
4 226 214 1
4 226 217 3
4 226 227 1
4 227 214 3
4 227 215 1
4 227 218 3
4 227 228 1
4 228 215 3
4 228 216 1
4 228 219 3
4 228 229 1
4 229 216 3
4 229 217 1
4 229 220 3
4 229 230 1
4 230 217 3
4 230 218 1
4 230 221 3
4 230 231 1
4 231 218 3
4 231 219 1
4 231 222 3
4 231 232 1
4 232 219 3
4 232 220 1
4 232 223 3
4 232 233 1
4 233 220 3
4 233 221 1
4 233 224 3
4 233 234 1
4 234 221 3
4 234 222 1
4 234 225 3
4 234 235 1
4 235 222 3
4 235 223 1
4 235 226 3
4 235 236 1
4 236 223 3
4 236 224 1
4 236 227 3
4 236 237 1
4 237 224 3
4 237 225 1
4 237 228 3
4 237 238 1
4 238 225 3
4 238 226 1
4 238 229 3
4 238 239 1
4 239 226 3
4 239 227 1
4 239 230 3
4 239 240 1
4 240 227 3
4 240 228 1
4 240 231 3
4 240 241 1
4 241 228 3
4 241 229 1
4 241 232 3
4 241 242 1
4 242 229 3
4 242 230 1
4 242 233 3
4 242 243 1
4 243 230 3
4 243 231 1
4 243 234 3
4 243 244 1
4 244 231 3
4 244 232 1
4 244 235 3
4 244 245 1
4 245 232 3
4 245 233 1
4 245 236 3
4 245 246 1
4 246 233 3
4 246 234 1
4 246 237 3
4 246 247 1
4 247 234 3
4 247 235 1
4 247 238 3
4 247 248 1
4 248 235 3
4 248 236 1
4 248 239 3
4 248 249 1
4 249 236 3
4 249 237 1
4 249 240 3
4 249 250 1
4 250 237 3
4 250 238 1
4 250 241 3
4 250 251 1
4 251 238 3
4 251 239 1
4 251 242 3
4 251 252 1
4 252 239 3
4 252 240 1
4 252 243 3
4 252 253 1
4 253 240 3
4 253 241 1
4 253 244 3
4 253 254 1
4 254 241 3
4 254 242 1
4 254 245 3
4 254 255 1
4 255 242 3
4 255 243 1
4 255 246 3
4 255 256 1
4 256 243 3
4 256 244 1
4 256 247 3
4 256 257 1
4 257 244 3
4 257 245 1
4 257 248 3
4 257 258 1
4 258 245 3
4 258 246 1
4 258 249 3
4 258 259 1
4 259 246 3
4 259 247 1
4 259 250 3
4 259 260 1
4 260 247 3
4 260 248 1
4 260 251 3
4 260 261 1
4 261 248 3
4 261 249 1
4 261 252 3
4 261 262 1
4 262 249 3
4 262 250 1
4 262 253 3
4 262 263 1
4 263 250 3
4 263 251 1
4 263 254 3
4 263 264 1
4 264 251 3
4 264 252 1
4 264 255 3
4 264 265 1
4 265 252 3
4 265 253 1
4 265 256 3
4 265 266 1
4 266 253 3
4 266 254 1
4 266 257 3
4 266 267 1
4 267 254 3
4 267 255 1
4 267 258 3
4 267 268 1
4 268 255 3
4 268 256 1
4 268 259 3
4 268 269 1
4 269 256 3
4 269 257 1
4 269 260 3
4 269 270 1
4 270 257 3
4 270 258 1
4 270 261 3
4 270 271 1
4 271 258 3
4 271 259 1
4 271 262 3
4 271 272 1
4 272 259 3
4 272 260 1
4 272 263 3
4 272 273 1
4 273 260 3
4 273 261 1
4 273 264 3
4 273 274 1
4 274 261 3
4 274 262 1
4 274 265 3
4 274 275 1
4 275 262 3
4 275 263 1
4 275 266 3
4 275 276 1
4 276 263 3
4 276 264 1
4 276 267 3
4 276 277 1
4 277 264 3
4 277 265 1
4 277 268 3
4 277 278 1
4 278 265 3
4 278 266 1
4 278 269 3
4 278 279 1
4 279 266 3
4 279 267 1
4 279 270 3
4 279 280 1
4 280 267 3
4 280 268 1
4 280 271 3
4 280 281 1
4 281 268 3
4 281 269 1
4 281 272 3
4 281 282 1
4 282 269 3
4 282 270 1
4 282 273 3
4 282 283 1
4 283 270 3
4 283 271 1
4 283 274 3
4 283 284 1
4 284 271 3
4 284 272 1
4 284 275 3
4 284 285 1
4 285 272 3
4 285 273 1
4 285 276 3
4 285 286 1
4 286 273 3
4 286 274 1
4 286 277 3
4 286 287 1
4 287 274 3
4 287 275 1
4 287 278 3
4 287 288 1
4 288 275 3
4 288 276 1
4 288 279 3
4 288 289 1
4 289 276 3
4 289 277 1
4 289 280 3
4 289 290 1
4 290 277 3
4 290 278 1
4 290 281 3
4 290 291 1
4 291 278 3
4 291 279 1
4 291 282 3
4 291 292 1
4 292 279 3
4 292 280 1
4 292 283 3
4 292 293 1
4 293 280 3
4 293 281 1
4 293 284 3
4 293 294 1
4 294 281 3
4 294 282 1
4 294 285 3
4 294 295 1
4 295 282 3
4 295 283 1
4 295 286 3
4 295 296 1
4 296 283 3
4 296 284 4
4 296 297 1
4 297 284 3
4 297 285 4
4 297 298 1
4 298 285 3
4 298 286 4
4 298 299 1
4 299 286 3
4 299 287 4
4 299 300 1
4 300 287 3
4 300 288 4
4 300 301 1
4 301 288 3
4 301 289 4
4 301 302 1
4 302 289 3
4 302 290 4
4 302 303 1
4 303 290 3
4 303 291 4
4 303 304 1
4 304 291 3
4 304 292 4
4 304 305 1
4 305 292 3
4 305 293 4
4 305 306 1
4 306 293 3
4 306 294 4
4 306 307 1
4 307 294 3
4 307 295 4
4 307 308 1
4 308 295 3
4 308 296 4
4 308 309 1
4 309 296 3
4 309 297 4
4 309 310 1
4 310 297 3
4 310 298 4
4 310 311 1
4 311 298 3
4 311 299 4
4 311 312 1
4 312 299 3
4 312 300 4
4 312 313 1
4 313 300 3
4 313 301 4
4 313 314 1
4 314 301 3
4 314 302 4
4 314 315 1
4 315 302 3
4 315 303 4
4 315 316 1
4 316 303 3
4 316 304 4
4 316 309 1
4 317 304 3
4 317 305 4
4 317 310 1
4 318 305 3
4 318 306 4
4 318 311 1
4 319 306 3
4 319 307 4
4 319 312 1
4 320 307 3
4 320 308 4
4 320 313 1
4 321 308 3
4 321 309 4
4 321 314 1
4 322 309 3
4 322 310 4
4 322 315 1
4 323 310 3
4 323 311 4
4 323 316 1
4 324 311 3
4 324 312 4
4 324 317 1
4 325 312 3
4 325 313 4
4 325 318 1
4 326 313 3
4 326 314 4
4 326 319 1
4 327 314 3
4 327 315 4
4 327 320 1
4 328 315 3
4 328 316 4
4 328 321 1
4 329 316 3
4 329 317 4
4 329 322 1
4 330 317 3
4 330 318 4
4 330 323 1
4 331 318 3
4 331 319 4
4 331 324 1
4 332 319 3
4 332 320 4
4 332 325 1
4 333 320 3
4 333 321 4
4 333 326 1
4 334 321 3
4 334 322 4
4 334 327 1
4 335 322 3
4 335 323 4
4 335 328 1
4 336 323 3
4 336 324 4
4 336 329 1
4 337 324 3
4 337 325 4
4 337 330 1
4 338 325 3
4 338 326 4
4 338 331 1
4 339 326 3
4 339 327 4
4 339 332 1
4 340 327 3
4 340 328 4
4 340 333 1
4 341 328 3
4 341 329 4
4 341 334 1
4 342 329 3
4 342 330 4
4 342 335 1
4 343 330 3
4 343 331 4
4 343 336 1
4 344 331 3
4 344 332 4
4 344 337 1
4 345 332 3
4 345 333 4
4 345 338 1
4 346 333 3
4 346 334 4
4 346 339 1
4 347 334 3
4 347 335 4
4 347 340 1
4 348 335 3
4 348 336 4
4 348 341 1
4 349 336 3
4 349 337 4
4 349 342 1
4 350 337 3
4 350 338 4
4 350 343 1
4 351 338 3
4 351 339 4
4 351 344 1
4 352 338 4
4 352 339 3
4 352 340 1
4 353 339 4
4 353 340 3
4 353 341 1
4 354 340 4
4 354 341 3
4 354 342 1
4 355 341 4
4 355 342 3
4 355 343 1
4 356 342 4
4 356 343 3
4 356 344 1
4 357 343 4
4 357 344 3
4 357 345 1
4 358 344 4
4 358 345 3
4 358 346 1
4 359 345 4
4 359 346 3
4 359 347 1
5 0 15 1
5 1 16 1
5 2 17 1
5 3 18 1
5 4 19 1
5 5 20 1
5 6 21 1
5 7 22 1
5 8 0 3
5 8 4 1
5 9 0 3
5 9 5 1
5 10 0 3
5 10 6 1
5 11 0 3
5 11 7 1
5 12 0 3
5 12 8 1
5 13 1 3
5 13 9 1
5 14 2 3
5 14 10 1
5 15 3 3
5 15 11 1
5 16 4 3
5 16 12 1
5 17 5 3
5 17 13 1
5 18 6 3
5 18 14 1
5 19 7 3
5 19 15 1
5 20 8 3
5 20 16 1
5 21 9 3
5 21 17 1
5 22 10 3
5 22 18 1
5 23 11 3
5 23 19 1
5 24 12 3
5 24 20 1
5 25 13 3
5 25 21 1
5 26 14 3
5 26 22 1
5 27 15 3
5 27 23 1
5 28 16 3
5 28 24 1
5 29 17 3
5 29 25 1
5 30 18 3
5 30 26 1
5 31 19 3
5 31 27 1
5 32 20 3
5 32 28 1
5 33 21 3
5 33 29 1
5 34 22 3
5 34 30 1
5 35 23 3
5 35 31 1
5 36 24 3
5 36 32 1
5 37 25 3
5 37 33 1
5 38 26 3
5 38 34 1
5 39 27 3
5 39 35 1
5 40 28 3
5 40 36 1
5 41 29 3
5 41 37 1
5 42 30 3
5 42 38 1
5 43 31 3
5 43 39 1
5 44 32 3
5 44 40 1
5 45 33 3
5 45 41 1
5 46 34 3
5 46 42 1
5 47 35 3
5 47 43 1
5 48 36 3
5 48 44 1
5 49 37 3
5 49 45 1
5 50 38 3
5 50 46 1
5 51 39 3
5 51 47 1
5 52 40 3
5 52 43 1
5 53 41 3
5 53 44 1
5 54 42 3
5 54 45 1
5 55 43 3
5 55 46 1
5 56 44 3
5 56 47 1
5 57 45 3
5 57 48 1
5 58 46 3
5 58 49 1
5 59 47 3
5 59 50 1
5 60 48 3
5 60 51 1
5 61 49 3
5 61 52 1
5 62 50 3
5 62 53 1
5 63 51 3
5 63 54 1
5 64 52 3
5 64 55 1
5 65 53 3
5 65 56 1
5 66 54 3
5 66 57 1
5 67 55 3
5 67 58 1
5 68 56 3
5 68 59 1
5 69 57 3
5 69 60 1
5 70 58 3
5 70 61 1
5 71 59 3
5 71 62 1
5 72 60 3
5 72 63 1
5 73 61 3
5 73 64 1
5 74 62 3
5 74 65 1
5 75 63 3
5 75 66 1
5 76 64 3
5 76 67 1
5 77 65 3
5 77 68 1
5 78 66 3
5 78 69 1
5 79 67 3
5 79 70 1
5 80 68 3
5 80 71 1
5 81 69 3
5 81 72 1
5 82 70 3
5 82 73 1
5 83 71 3
5 83 74 1
5 84 72 3
5 84 75 1
5 85 73 3
5 85 76 1
5 86 74 3
5 86 77 1
5 87 75 3
5 87 78 1
5 88 76 3
5 88 79 1
5 89 77 3
5 89 80 1
5 90 78 3
5 90 81 1
5 91 79 3
5 91 82 1
5 92 80 3
5 92 83 1
5 93 81 3
5 93 84 1
5 94 82 3
5 94 85 1
5 95 83 3
5 95 86 1
5 96 84 3
5 96 87 1
5 97 85 3
5 97 88 1
5 98 86 3
5 98 89 1
5 99 87 3
5 99 90 1
5 100 88 3
5 100 91 1
5 101 89 3
5 101 92 1
5 102 90 3
5 102 93 1
5 103 91 3
5 103 94 1
5 104 92 3
5 104 95 1
5 105 93 3
5 105 96 1
5 106 94 3
5 106 97 1
5 107 95 3
5 107 98 1
5 108 96 3
5 108 99 1
5 109 97 3
5 109 100 1
5 110 98 3
5 110 101 1
5 111 99 3
5 111 102 1
5 112 100 3
5 112 103 1
5 113 101 3
5 113 104 1
5 114 102 3
5 114 105 1
5 115 103 3
5 115 106 1
5 116 103 2
5 116 104 1
5 116 107 1
5 117 104 2
5 117 105 1
5 117 108 1
5 118 105 2
5 118 106 1
5 118 109 1
5 119 106 2
5 119 107 1
5 119 110 1
5 120 107 2
5 120 108 1
5 120 111 1
5 121 108 2
5 121 109 1
5 121 112 1
5 122 109 2
5 122 110 1
5 122 113 1
5 123 110 2
5 123 111 1
5 123 114 1
5 124 111 2
5 124 112 1
5 124 115 1
5 125 112 2
5 125 113 1
5 125 116 1
5 126 113 2
5 126 114 1
5 126 117 1
5 127 114 2
5 127 115 1
5 127 118 1
5 128 115 2
5 128 116 1
5 128 119 1
5 129 116 2
5 129 117 1
5 129 120 1
5 130 117 2
5 130 118 1
5 130 121 1
5 131 118 2
5 131 119 1
5 131 122 1
5 132 119 2
5 132 120 1
5 132 123 1
5 133 120 2
5 133 121 1
5 133 124 1
5 134 121 2
5 134 122 1
5 134 125 1
5 135 122 2
5 135 123 1
5 135 126 1
5 136 123 2
5 136 124 1
5 136 127 1
5 137 124 2
5 137 125 1
5 137 128 1
5 138 125 2
5 138 126 1
5 138 129 1
5 139 126 2
5 139 127 1
5 139 130 1
5 140 127 2
5 140 128 1
5 140 131 1
5 141 128 2
5 141 129 1
5 141 132 1
5 142 129 2
5 142 130 1
5 142 133 1
5 143 130 2
5 143 131 1
5 143 134 1
5 144 131 2
5 144 132 1
5 144 135 1
5 145 132 2
5 145 133 1
5 145 136 1
5 146 133 2
5 146 134 1
5 146 137 1
5 147 134 2
5 147 135 1
5 147 138 1
5 148 135 2
5 148 136 1
5 148 139 1
5 149 136 2
5 149 137 1
5 149 140 1
5 150 137 2
5 150 138 1
5 150 141 1
5 151 138 2
5 151 139 1
5 151 142 1
5 152 139 2
5 152 140 1
5 152 143 1
5 153 140 2
5 153 141 1
5 153 144 1
5 154 141 2
5 154 142 1
5 154 145 1
5 155 142 2
5 155 143 1
5 155 146 1
5 156 143 2
5 156 144 1
5 156 147 1
5 157 144 2
5 157 145 1
5 157 148 1
5 158 145 2
5 158 146 1
5 158 149 1
5 159 146 2
5 159 147 1
5 159 150 1
5 160 147 2
5 160 148 1
5 160 151 1
5 161 148 2
5 161 149 1
5 161 152 1
5 162 149 2
5 162 150 1
5 162 153 1
5 163 150 2
5 163 151 1
5 163 154 1
5 164 151 2
5 164 152 1
5 164 155 1
5 165 152 2
5 165 153 1
5 165 156 1
5 166 153 2
5 166 154 1
5 166 157 1
5 167 154 2
5 167 155 1
5 167 158 1
5 168 155 2
5 168 156 1
5 168 159 1
5 169 156 2
5 169 157 1
5 169 160 1
5 170 157 2
5 170 158 1
5 170 161 1
5 171 158 2
5 171 159 1
5 171 162 1
5 172 159 2
5 172 160 1
5 172 163 1
5 173 160 2
5 173 161 1
5 173 164 1
5 174 161 2
5 174 162 1
5 174 165 1
5 175 162 2
5 175 163 1
5 175 166 1
5 176 163 2
5 176 164 1
5 176 167 1
5 177 164 2
5 177 165 1
5 177 168 1
5 178 165 2
5 178 166 1
5 178 169 1
5 179 166 2
5 179 167 1
5 179 170 1
5 180 167 2
5 180 168 1
5 180 171 1
5 181 168 2
5 181 169 1
5 181 172 1
5 182 169 2
5 182 170 1
5 182 173 1
5 183 170 2
5 183 171 1
5 183 174 1
5 184 171 2
5 184 172 1
5 184 175 1
5 185 172 2
5 185 173 1
5 185 176 1
5 186 173 2
5 186 174 1
5 186 177 1
5 187 174 2
5 187 175 1
5 187 178 1
5 188 175 2
5 188 176 1
5 188 179 1
5 189 176 2
5 189 177 1
5 189 180 1
5 190 177 2
5 190 178 1
5 190 181 1
5 191 178 2
5 191 179 1
5 191 182 1
5 192 179 2
5 192 180 1
5 192 183 1
5 193 180 2
5 193 181 1
5 193 184 1
5 194 181 2
5 194 182 1
5 194 185 1
5 195 182 2
5 195 183 1
5 195 186 1
5 196 183 2
5 196 184 1
5 196 187 1
5 197 184 2
5 197 185 1
5 197 188 1
5 198 185 2
5 198 186 1
5 198 189 1
5 199 186 2
5 199 187 1
5 199 190 1
5 200 187 2
5 200 188 1
5 200 191 1
5 201 188 2
5 201 189 1
5 201 192 1
5 202 189 2
5 202 190 1
5 202 193 1
5 203 190 2
5 203 191 1
5 203 194 1
5 204 191 2
5 204 192 1
5 204 195 1
5 205 192 2
5 205 193 1
5 205 196 1
5 206 193 2
5 206 194 1
5 206 197 1
5 207 194 2
5 207 195 1
5 207 198 1
5 208 195 2
5 208 196 1
5 208 199 1
5 209 196 2
5 209 197 1
5 209 200 1
5 210 197 2
5 210 198 1
5 210 201 1
5 211 198 2
5 211 199 1
5 211 202 1
5 212 199 2
5 212 200 1
5 212 203 1
5 213 200 2
5 213 201 1
5 213 204 1
5 214 201 2
5 214 202 1
5 214 205 1
5 215 202 2
5 215 203 1
5 215 206 1
5 216 203 2
5 216 204 1
5 216 207 1
5 217 204 2
5 217 205 1
5 217 208 1
5 218 205 2
5 218 206 1
5 218 209 1
5 219 206 2
5 219 207 1
5 219 210 1
5 220 207 2
5 220 208 1
5 220 211 1
5 221 208 2
5 221 209 1
5 221 212 1
5 222 209 2
5 222 210 1
5 222 213 1
5 223 210 2
5 223 211 1
5 223 214 1
5 224 211 2
5 224 212 1
5 224 215 1
5 225 212 2
5 225 213 1
5 225 216 1
5 226 213 2
5 226 214 1
5 226 217 1
5 227 214 2
5 227 215 1
5 227 218 1
5 228 215 2
5 228 216 1
5 228 219 1
5 229 216 2
5 229 217 1
5 229 220 1
5 230 217 2
5 230 218 1
5 230 221 1
5 231 218 2
5 231 219 1
5 231 222 1
5 232 219 2
5 232 220 1
5 232 223 1
5 233 220 2
5 233 221 1
5 233 224 1
5 234 221 2
5 234 222 1
5 234 225 1
5 235 222 2
5 235 223 1
5 235 226 1
5 236 223 2
5 236 224 1
5 236 227 1
5 237 224 2
5 237 225 1
5 237 228 1
5 238 225 2
5 238 226 1
5 238 229 1
5 239 226 2
5 239 227 1
5 239 230 1
5 240 227 2
5 240 228 1
5 240 231 1
5 241 228 2
5 241 229 1
5 241 232 1
5 242 229 2
5 242 230 1
5 242 233 1
5 243 230 2
5 243 231 1
5 243 234 1
5 244 231 2
5 244 232 1
5 244 235 1
5 245 232 2
5 245 233 1
5 245 236 1
5 246 233 2
5 246 234 1
5 246 237 1
5 247 234 2
5 247 235 1
5 247 238 1
5 248 235 2
5 248 236 1
5 248 239 1
5 249 236 2
5 249 237 1
5 249 240 1
5 250 237 2
5 250 238 1
5 250 241 1
5 251 238 2
5 251 239 1
5 251 242 1
5 252 239 2
5 252 240 1
5 252 243 1
5 253 240 2
5 253 241 1
5 253 244 1
5 254 241 2
5 254 242 1
5 254 245 1
5 255 242 2
5 255 243 1
5 255 246 1
5 256 243 2
5 256 244 1
5 256 247 1
5 257 244 2
5 257 245 1
5 257 248 1
5 258 245 2
5 258 246 1
5 258 249 1
5 259 246 2
5 259 247 1
5 259 250 1
5 260 247 2
5 260 248 1
5 260 251 1
5 261 248 2
5 261 249 1
5 261 252 1
5 262 249 2
5 262 250 1
5 262 253 1
5 263 250 2
5 263 251 1
5 263 254 1
5 264 251 2
5 264 252 1
5 264 255 1
5 265 252 2
5 265 253 1
5 265 256 1
5 266 253 2
5 266 254 1
5 266 257 1
5 267 254 2
5 267 255 1
5 267 258 1
5 268 255 2
5 268 256 1
5 268 259 1
5 269 256 2
5 269 257 1
5 269 260 1
5 270 257 2
5 270 258 1
5 270 261 1
5 271 258 2
5 271 259 1
5 271 262 1
5 272 259 2
5 272 260 1
5 272 263 1
5 273 260 2
5 273 261 1
5 273 264 1
5 274 261 2
5 274 262 1
5 274 265 1
5 275 262 2
5 275 263 1
5 275 266 1
5 276 263 2
5 276 264 1
5 276 267 1
5 277 264 2
5 277 265 1
5 277 268 1
5 278 265 2
5 278 266 1
5 278 269 1
5 279 266 2
5 279 267 1
5 279 270 1
5 280 267 2
5 280 268 1
5 280 271 1
5 281 268 2
5 281 269 1
5 281 272 1
5 282 269 2
5 282 270 1
5 282 273 1
5 283 270 2
5 283 271 1
5 283 274 1
5 284 271 2
5 284 272 1
5 284 275 1
5 285 272 2
5 285 273 1
5 285 276 1
5 286 273 2
5 286 274 1
5 286 277 1
5 287 274 2
5 287 275 1
5 287 278 1
5 288 275 2
5 288 276 1
5 288 279 1
5 289 276 2
5 289 277 1
5 289 280 1
5 290 277 2
5 290 278 1
5 290 281 1
5 291 278 2
5 291 279 1
5 291 282 1
5 292 279 2
5 292 280 1
5 292 283 1
5 293 280 2
5 293 281 1
5 293 284 1
5 294 281 2
5 294 282 1
5 294 285 1
5 295 282 2
5 295 283 1
5 295 286 1
5 296 283 2
5 296 284 2
5 297 284 2
5 297 285 2
5 298 285 2
5 298 286 2
5 299 286 2
5 299 287 2
5 300 287 2
5 300 288 2
5 301 288 2
5 301 289 2
5 302 289 2
5 302 290 2
5 303 290 2
5 303 291 2
5 304 291 2
5 304 292 2
5 305 292 2
5 305 293 2
5 306 293 2
5 306 294 2
5 307 294 2
5 307 295 2
5 308 295 2
5 308 296 2
5 309 296 2
5 309 297 2
5 310 297 2
5 310 298 2
5 311 298 2
5 311 299 2
5 312 299 2
5 312 300 2
5 313 300 2
5 313 301 2
5 314 301 2
5 314 302 2
5 315 302 2
5 315 303 2
5 316 303 2
5 316 304 2
5 317 304 2
5 317 305 2
5 318 305 2
5 318 306 2
5 319 306 2
5 319 307 2
5 320 307 2
5 320 308 2
5 321 308 2
5 321 309 2
5 322 309 2
5 322 310 2
5 323 310 2
5 323 311 2
5 324 311 2
5 324 312 2
5 325 312 2
5 325 313 2
5 326 313 2
5 326 314 2
5 327 314 2
5 327 315 2
5 328 315 2
5 328 316 2
5 329 316 2
5 329 317 2
5 330 317 2
5 330 318 2
5 331 318 2
5 331 319 2
5 332 319 2
5 332 320 2
5 333 320 2
5 333 321 2
5 334 321 2
5 334 322 2
5 335 322 2
5 335 323 2
5 336 323 2
5 336 324 2
5 337 324 2
5 337 325 2
5 338 325 2
5 338 326 2
5 339 326 2
5 339 327 2
5 340 327 2
5 340 328 2
5 341 328 2
5 341 329 2
5 342 329 2
5 342 330 2
5 343 330 2
5 343 331 2
5 344 331 2
5 344 332 2
5 345 332 2
5 345 333 2
5 346 333 2
5 346 334 2
5 347 334 2
5 347 335 2
5 348 335 2
5 348 336 2
5 349 336 2
5 349 337 2
5 350 337 2
5 350 338 2
5 351 338 2
5 351 339 2
5 352 338 1
5 352 339 2
5 352 340 1
5 353 339 1
5 353 340 2
5 353 341 1
5 354 340 1
5 354 341 2
5 354 342 1
5 355 341 1
5 355 342 2
5 355 343 1
5 356 342 1
5 356 343 2
5 356 344 1
5 357 343 1
5 357 344 2
5 357 345 1
5 358 344 1
5 358 345 2
5 358 346 1
5 359 345 1
5 359 346 2
5 359 347 1
6 0 15 1
6 1 16 1
6 2 17 1
6 3 18 1
6 4 19 1
6 5 20 1
6 6 21 1
6 7 22 1
6 8 0 2
6 9 0 2
6 10 0 2
6 11 0 2
6 12 0 2
6 13 1 2
6 14 2 2
6 15 3 2
6 16 4 2
6 17 5 2
6 18 6 2
6 19 7 2
6 20 8 2
6 21 9 2
6 22 10 2
6 23 11 2
6 24 12 2
6 25 13 2
6 26 14 2
6 27 15 2
6 28 16 2
6 29 17 2
6 30 18 2
6 31 19 2
6 32 20 2
6 33 21 2
6 34 22 2
6 35 23 2
6 36 24 2
6 37 25 2
6 38 26 2
6 39 27 2
6 40 28 2
6 41 29 2
6 42 30 2
6 43 31 2
6 44 32 2
6 45 33 2
6 46 34 2
6 47 35 2
6 48 36 2
6 49 37 2
6 50 38 2
6 51 39 2
6 52 40 2
6 53 41 2
6 54 42 2
6 55 43 2
6 56 44 2
6 57 45 2
6 58 46 2
6 59 47 2
6 60 48 2
6 61 49 2
6 62 50 2
6 63 51 2
6 64 52 2
6 65 53 2
6 66 54 2
6 67 55 2
6 68 56 2
6 69 57 2
6 70 58 2
6 71 59 2
6 72 60 2
6 73 61 2
6 74 62 2
6 75 63 2
6 76 64 2
6 77 65 2
6 78 66 2
6 79 67 2
6 80 68 2
6 81 69 2
6 82 70 2
6 83 71 2
6 84 72 2
6 85 73 2
6 86 74 2
6 87 75 2
6 88 76 2
6 89 77 2
6 90 78 2
6 91 79 2
6 92 80 2
6 93 81 2
6 94 82 2
6 95 83 2
6 96 84 2
6 97 85 2
6 98 86 2
6 99 87 2
6 100 88 2
6 101 89 2
6 102 90 2
6 103 91 2
6 104 92 2
6 105 93 2
6 106 94 2
6 107 95 2
6 108 96 2
6 109 97 2
6 110 98 2
6 111 99 2
6 112 100 2
6 113 101 2
6 114 102 2
6 115 103 2
6 116 103 1
6 116 104 1
6 117 104 1
6 117 105 1
6 118 105 1
6 118 106 1
6 119 106 1
6 119 107 1
6 120 107 1
6 120 108 1
6 121 108 1
6 121 109 1
6 122 109 1
6 122 110 1
6 123 110 1
6 123 111 1
6 124 111 1
6 124 112 1
6 125 112 1
6 125 113 1
6 126 113 1
6 126 114 1
6 127 114 1
6 127 115 1
6 128 115 1
6 128 116 1
6 129 116 1
6 129 117 1
6 130 117 1
6 130 118 1
6 131 118 1
6 131 119 1
6 132 119 1
6 132 120 1
6 133 120 1
6 133 121 1
6 134 121 1
6 134 122 1
6 135 122 1
6 135 123 1
6 136 123 1
6 136 124 1
6 137 124 1
6 137 125 1
6 138 125 1
6 138 126 1
6 139 126 1
6 139 127 1
6 140 127 1
6 140 128 1
6 141 128 1
6 141 129 1
6 142 129 1
6 142 130 1
6 143 130 1
6 143 131 1
6 144 131 1
6 144 132 1
6 145 132 1
6 145 133 1
6 146 133 1
6 146 134 1
6 147 134 1
6 147 135 1
6 148 135 1
6 148 136 1
6 149 136 1
6 149 137 1
6 150 137 1
6 150 138 1
6 151 138 1
6 151 139 1
6 152 139 1
6 152 140 1
6 153 140 1
6 153 141 1
6 154 141 1
6 154 142 1
6 155 142 1
6 155 143 1
6 156 143 1
6 156 144 1
6 157 144 1
6 157 145 1
6 158 145 1
6 158 146 1
6 159 146 1
6 159 147 1
6 160 147 1
6 160 148 1
6 161 148 1
6 161 149 1
6 162 149 1
6 162 150 1
6 163 150 1
6 163 151 1
6 164 151 1
6 164 152 1
6 165 152 1
6 165 153 1
6 166 153 1
6 166 154 1
6 167 154 1
6 167 155 1
6 168 155 1
6 168 156 1
6 169 156 1
6 169 157 1
6 170 157 1
6 170 158 1
6 171 158 1
6 171 159 1
6 172 159 1
6 172 160 1
6 173 160 1
6 173 161 1
6 174 161 1
6 174 162 1
6 175 162 1
6 175 163 1
6 176 163 1
6 176 164 1
6 177 164 1
6 177 165 1
6 178 165 1
6 178 166 1
6 179 166 1
6 179 167 1
6 180 167 1
6 180 168 1
6 181 168 1
6 181 169 1
6 182 169 1
6 182 170 1
6 183 170 1
6 183 171 1
6 184 171 1
6 184 172 1
6 185 172 1
6 185 173 1
6 186 173 1
6 186 174 1
6 187 174 1
6 187 175 1
6 188 175 1
6 188 176 1
6 189 176 1
6 189 177 1
6 190 177 1
6 190 178 1
6 191 178 1
6 191 179 1
6 192 179 1
6 192 180 1
6 193 180 1
6 193 181 1
6 194 181 1
6 194 182 1
6 195 182 1
6 195 183 1
6 196 183 1
6 196 184 1
6 197 184 1
6 197 185 1
6 198 185 1
6 198 186 1
6 199 186 1
6 199 187 1
6 200 187 1
6 200 188 1
6 201 188 1
6 201 189 1
6 202 189 1
6 202 190 1
6 203 190 1
6 203 191 1
6 204 191 1
6 204 192 1
6 205 192 1
6 205 193 1
6 206 193 1
6 206 194 1
6 207 194 1
6 207 195 1
6 208 195 1
6 208 196 1
6 209 196 1
6 209 197 1
6 210 197 1
6 210 198 1
6 211 198 1
6 211 199 1
6 212 199 1
6 212 200 1
6 213 200 1
6 213 201 1
6 214 201 1
6 214 202 1
6 215 202 1
6 215 203 1
6 216 203 1
6 216 204 1
6 217 204 1
6 217 205 1
6 218 205 1
6 218 206 1
6 219 206 1
6 219 207 1
6 220 207 1
6 220 208 1
6 221 208 1
6 221 209 1
6 222 209 1
6 222 210 1
6 223 210 1
6 223 211 1
6 224 211 1
6 224 212 1
6 225 212 1
6 225 213 1
6 226 213 1
6 226 214 1
6 227 214 1
6 227 215 1
6 228 215 1
6 228 216 1
6 229 216 1
6 229 217 1
6 230 217 1
6 230 218 1
6 231 218 1
6 231 219 1
6 232 219 1
6 232 220 1
6 233 220 1
6 233 221 1
6 234 221 1
6 234 222 1
6 235 222 1
6 235 223 1
6 236 223 1
6 236 224 1
6 237 224 1
6 237 225 1
6 238 225 1
6 238 226 1
6 239 226 1
6 239 227 1
6 240 227 1
6 240 228 1
6 241 228 1
6 241 229 1
6 242 229 1
6 242 230 1
6 243 230 1
6 243 231 1
6 244 231 1
6 244 232 1
6 245 232 1
6 245 233 1
6 246 233 1
6 246 234 1
6 247 234 1
6 247 235 1
6 248 235 1
6 248 236 1
6 249 236 1
6 249 237 1
6 250 237 1
6 250 238 1
6 251 238 1
6 251 239 1
6 252 239 1
6 252 240 1
6 253 240 1
6 253 241 1
6 254 241 1
6 254 242 1
6 255 242 1
6 255 243 1
6 256 243 1
6 256 244 1
6 257 244 1
6 257 245 1
6 258 245 1
6 258 246 1
6 259 246 1
6 259 247 1
6 260 247 1
6 260 248 1
6 261 248 1
6 261 249 1
6 262 249 1
6 262 250 1
6 263 250 1
6 263 251 1
6 264 251 1
6 264 252 1
6 265 252 1
6 265 253 1
6 266 253 1
6 266 254 1
6 267 254 1
6 267 255 1
6 268 255 1
6 268 256 1
6 269 256 1
6 269 257 1
6 270 257 1
6 270 258 1
6 271 258 1
6 271 259 1
6 272 259 1
6 272 260 1
6 273 260 1
6 273 261 1
6 274 261 1
6 274 262 1
6 275 262 1
6 275 263 1
6 276 263 1
6 276 264 1
6 277 264 1
6 277 265 1
6 278 265 1
6 278 266 1
6 279 266 1
6 279 267 1
6 280 267 1
6 280 268 1
6 281 268 1
6 281 269 1
6 282 269 1
6 282 270 1
6 283 270 1
6 283 271 1
6 284 271 1
6 284 272 1
6 285 272 1
6 285 273 1
6 286 273 1
6 286 274 1
6 287 274 1
6 287 275 1
6 288 275 1
6 288 276 1
6 289 276 1
6 289 277 1
6 290 277 1
6 290 278 1
6 291 278 1
6 291 279 1
6 292 279 1
6 292 280 1
6 293 280 1
6 293 281 1
6 294 281 1
6 294 282 1
6 295 282 1
6 295 283 1
6 296 283 1
6 296 284 1
6 297 284 1
6 297 285 1
6 298 285 1
6 298 286 1
6 299 286 1
6 299 287 1
6 300 287 1
6 300 288 1
6 301 288 1
6 301 289 1
6 302 289 1
6 302 290 1
6 303 290 1
6 303 291 1
6 304 291 1
6 304 292 1
6 305 292 1
6 305 293 1
6 306 293 1
6 306 294 1
6 307 294 1
6 307 295 1
6 308 295 1
6 308 296 1
6 309 296 1
6 309 297 1
6 310 297 1
6 310 298 1
6 311 298 1
6 311 299 1
6 312 299 1
6 312 300 1
6 313 300 1
6 313 301 1
6 314 301 1
6 314 302 1
6 315 302 1
6 315 303 1
6 316 303 1
6 316 304 1
6 317 304 1
6 317 305 1
6 318 305 1
6 318 306 1
6 319 306 1
6 319 307 1
6 320 307 1
6 320 308 1
6 321 308 1
6 321 309 1
6 322 309 1
6 322 310 1
6 323 310 1
6 323 311 1
6 324 311 1
6 324 312 1
6 325 312 1
6 325 313 1
6 326 313 1
6 326 314 1
6 327 314 1
6 327 315 1
6 328 315 1
6 328 316 1
6 329 316 1
6 329 317 1
6 330 317 1
6 330 318 1
6 331 318 1
6 331 319 1
6 332 319 1
6 332 320 1
6 333 320 1
6 333 321 1
6 334 321 1
6 334 322 1
6 335 322 1
6 335 323 1
6 336 323 1
6 336 324 1
6 337 324 1
6 337 325 1
6 338 325 1
6 338 326 1
6 339 326 1
6 339 327 1
6 340 327 1
6 340 328 1
6 341 328 1
6 341 329 1
6 342 329 1
6 342 330 1
6 343 330 1
6 343 331 1
6 344 331 1
6 344 332 1
6 345 332 1
6 345 333 1
6 346 333 1
6 346 334 1
6 347 334 1
6 347 335 1
6 348 335 1
6 348 336 1
6 349 336 1
6 349 337 1
6 350 337 1
6 350 338 1
6 351 338 1
6 351 339 1
6 352 339 1
6 352 340 1
6 353 340 1
6 353 341 1
6 354 341 1
6 354 342 1
6 355 342 1
6 355 343 1
6 356 343 1
6 356 344 1
6 357 344 1
6 357 345 1
6 358 345 1
6 358 346 1
6 359 346 1
6 359 347 1
7 0 14 1
7 1 15 1
7 2 16 1
7 3 17 1
7 4 18 1
7 5 19 1
7 6 20 1
7 7 21 1
7 8 0 1
7 9 0 1
7 10 0 1
7 11 0 1
7 12 0 1
7 13 1 1
7 14 2 1
7 15 3 1
7 16 4 1
7 17 5 1
7 18 6 1
7 19 7 1
7 20 8 1
7 21 9 1
7 22 10 1
7 23 11 1
7 24 12 1
7 25 13 1
7 26 14 1
7 27 15 1
7 28 16 1
7 29 17 1
7 30 18 1
7 31 19 1
7 32 20 1
7 33 21 1
7 34 22 1
7 35 23 1
7 36 24 1
7 37 25 1
7 38 26 1
7 39 27 1
7 40 28 1
7 41 29 1
7 42 30 1
7 43 31 1
7 44 32 1
7 45 33 1
7 46 34 1
7 47 35 1
7 48 36 1
7 49 37 1
7 50 38 1
7 51 39 1
7 52 40 1
7 53 41 1
7 54 42 1
7 55 43 1
7 56 44 1
7 57 45 1
7 58 46 1
7 59 47 1
7 60 48 1
7 61 49 1
7 62 50 1
7 63 51 1
7 64 52 1
7 65 53 1
7 66 54 1
7 67 55 1
7 68 56 1
7 69 57 1
7 70 58 1
7 71 59 1
7 72 60 1
7 73 61 1
7 74 62 1
7 75 63 1
7 76 64 1
7 77 65 1
7 78 66 1
7 79 67 1
7 80 68 1
7 81 69 1
7 82 70 1
7 83 71 1
7 84 72 1
7 85 73 1
7 86 74 1
7 87 75 1
7 88 76 1
7 89 77 1
7 90 78 1
7 91 79 1
7 92 80 1
7 93 81 1
7 94 82 1
7 95 83 1
7 96 84 1
7 97 85 1
7 98 86 1
7 99 87 1
7 100 88 1
7 101 89 1
7 102 90 1
7 103 91 1
7 104 92 1
7 105 93 1
7 106 94 1
7 107 95 1
7 108 96 1
7 109 97 1
7 110 98 1
7 111 99 1
7 112 100 1
7 113 101 1
7 114 102 1
7 115 103 1
7 116 104 1
7 117 105 1
7 118 106 1
7 119 107 1
7 120 108 1
7 121 109 1
7 122 110 1
7 123 111 1
7 124 112 1
7 125 113 1
7 126 114 1
7 127 115 1
7 128 116 1
7 129 117 1
7 130 118 1
7 131 119 1
7 132 120 1
7 133 121 1
7 134 122 1
7 135 123 1
7 136 124 1
7 137 125 1
7 138 126 1
7 139 127 1
7 140 128 1
7 141 129 1
7 142 130 1
7 143 131 1
7 144 132 1
7 145 133 1
7 146 134 1
7 147 135 1
7 148 136 1
7 149 137 1
7 150 138 1
7 151 139 1
7 152 140 1
7 153 141 1
7 154 142 1
7 155 143 1
7 156 144 1
7 157 145 1
7 158 146 1
7 159 147 1
7 160 148 1
7 161 149 1
7 162 150 1
7 163 151 1
7 164 152 1
7 165 153 1
7 166 154 1
7 167 155 1
7 168 156 1
7 169 157 1
7 170 158 1
7 171 159 1
7 172 160 1
7 173 161 1
7 174 162 1
7 175 163 1
7 176 164 1
7 177 165 1
7 178 166 1
7 179 167 1
7 180 168 1
7 181 169 1
7 182 170 1
7 183 171 1
7 184 172 1
7 185 173 1
7 186 174 1
7 187 175 1
7 188 176 1
7 189 177 1
7 190 178 1
7 191 179 1
7 192 180 1
7 193 181 1
7 194 182 1
7 195 183 1
7 196 184 1
7 197 185 1
7 198 186 1
7 199 187 1
7 200 188 1
7 201 189 1
7 202 190 1
7 203 191 1
7 204 192 1
7 205 193 1
7 206 194 1
7 207 195 1
7 208 196 1
7 209 197 1
7 210 198 1
7 211 199 1
7 212 200 1
7 213 201 1
7 214 202 1
7 215 203 1
7 216 204 1
7 217 205 1
7 218 206 1
7 219 207 1
7 220 208 1
7 221 209 1
7 222 210 1
7 223 211 1
7 224 212 1
7 225 213 1
7 226 214 1
7 227 215 1
7 228 216 1
7 229 217 1
7 230 218 1
7 231 219 1
7 232 220 1
7 233 221 1
7 234 222 1
7 235 223 1
7 236 224 1
7 237 225 1
7 238 226 1
7 239 227 1
7 240 228 1
7 241 229 1
7 242 230 1
7 243 231 1
7 244 232 1
7 245 233 1
7 246 234 1
7 247 235 1
7 248 236 1
7 249 237 1
7 250 238 1
7 251 239 1
7 252 240 1
7 253 241 1
7 254 242 1
7 255 243 1
7 256 244 1
7 257 245 1
7 258 246 1
7 259 247 1
7 260 248 1
7 261 249 1
7 262 250 1
7 263 251 1
7 264 252 1
7 265 253 1
7 266 254 1
7 267 255 1
7 268 256 1
7 269 257 1
7 270 258 1
7 271 259 1
7 272 260 1
7 273 261 1
7 274 262 1
7 275 263 1
7 276 264 1
7 277 265 1
7 278 266 1
7 279 267 1
7 280 268 1
7 281 269 1
7 282 270 1
7 283 271 1
7 284 272 1
7 285 273 1
7 286 274 1
7 287 275 1
7 288 276 1
7 289 277 1
7 290 278 1
7 291 279 1
7 292 280 1
7 293 281 1
7 294 282 1
7 295 283 1
7 296 284 1
7 297 285 1
7 298 286 1
7 299 287 1
7 300 288 1
7 301 289 1
7 302 290 1
7 303 291 1
7 304 292 1
7 305 293 1
7 306 294 1
7 307 295 1
7 308 296 1
7 309 297 1
7 310 298 1
7 311 299 1
7 312 300 1
7 313 301 1
7 314 302 1
7 315 303 1
7 316 304 1
7 317 305 1
7 318 306 1
7 319 307 1
7 320 308 1
7 321 309 1
7 322 310 1
7 323 311 1
7 324 312 1
7 325 313 1
7 326 314 1
7 327 315 1
7 328 316 1
7 329 317 1
7 330 318 1
7 331 319 1
7 332 320 1
7 333 321 1
7 334 322 1
7 335 323 1
7 336 324 1
7 337 325 1
7 338 326 1
7 339 327 1
7 340 328 1
7 341 329 1
7 342 330 1
7 343 331 1
7 344 332 1
7 345 333 1
7 346 334 1
7 347 335 1
7 348 336 1
7 349 337 1
7 350 338 1
7 351 339 1
7 352 340 1
7 353 341 1
7 354 342 1
7 355 343 1
7 356 344 1
7 357 345 1
7 358 346 1
7 359 347 1